wav_ID 
0	38	4	2	7.0962,2106.62
1	2	0	2	5.04779,4145.5
2	3	0	2	4.80134,708.848
2	60	15	3	6.71007,8021.15
3	4	0	2	6.01681,2766.1
3	210	15	3	6.60823,7405.05
4	315	15	3	5.2878,4770.61
4	10	0	2	4.78379,617.738
5	415	1	3	4.3678,13186.4
5	585	1	2	6.64415,15693.5
6	7	0	3	6.10986,2576.85
6	15	0	2	6.02085,2624.35
7	8	0	3	2.71942,415.07
7	19	0	2	2.62219,340.382
8	827	29	0	14.2736,20320.1
8	9	0	3	5.04809,2384.78
8	18	0	2	6.25044,4723.27
9	1165	29	0	12.9805,17986.9
9	35	0	3	6.08597,2302.92
10	11	0	3	5.25037,4285.96
10	36	0	2	3.74149,713.127
11	1503	15	3	5.65117,15567.9
12	13	0	3	2.71942,415.07
13	1608	1	3	5.04809,2384.78
14	1625	30	0	12.97,18052.6
14	2111	30	3	6.08597,2302.92
15	16	0	3	4.9009,747.601
16	17	0	3	5.19637,4307.43
17	2330	29	0	10.6508,15706.4
17	37	0	3	4.95765,1143.04
18	2668	29	0	11.6674,15674.4
19	20	0	3	7.36935,4695.54
20	3006	29	0	10.6543,15779.3
21	22	0	3	4.9009,747.601
22	23	0	3	5.19637,4307.43
23	3344	23	3	4.94711,1188.51
24	3346	26	0	9.44816,14657.1
25	26	0	2	4.78379,630.36
26	3609	1	3	4.26185,12684.6
27	3818	19	3	6.10986,2576.85
28	29	0	3	2.71942,415.07
29	30	0	3	5.04809,2384.78
30	3845	23	0	12.97,18052.6
31	32	0	2	4.78379,630.36
32	33	0	2	4.78379,569.748
33	4111	29	3	4.17756,12218.5
34	4275	23	0	10.639,15801.3
35	4541	29	0	10.6574,15743.2
36	4879	15	3	4.69641,16629.5
37	5194	29	0	9.44816,14615
38	39	16	0
39	40	15	0
40	41	15	0
41	42	15	0
42	43	15	0
43	44	15	0
44	45	15	0
45	46	15	0
46	47	15	0
47	48	15	0
48	49	15	0
49	50	15	0
50	51	15	0
51	52	15	0
52	53	15	0
53	54	15	0
54	55	15	0
55	56	15	0
56	57	15	0
57	58	15	0
58	59	15	0
59	1	15	0
60	61	15	0
61	62	15	0
62	63	15	0
63	64	15	0
64	65	18	0
65	66	17	0
66	67	17	0
67	68	17	0
68	69	17	0
69	70	17	0
70	71	17	0
71	72	17	0
72	73	17	0
73	74	17	0
74	75	17	0
75	76	17	0
76	77	17	0
77	78	17	0
78	79	17	0
79	80	17	0
80	81	17	0
81	82	17	0
82	83	17	0
83	84	17	0
84	85	17	0
85	86	17	0
86	87	17	0
87	88	17	0
88	89	17	0
89	90	17	0
90	91	17	0
91	92	17	0
92	93	17	0
93	94	17	0
94	95	17	0
95	96	17	0
96	97	17	0
97	98	17	0
98	99	17	0
99	100	17	0
100	101	17	0
101	102	17	0
102	103	17	0
103	104	17	0
104	105	17	0
105	106	17	0
106	107	17	0
107	108	17	0
108	109	17	0
109	110	17	0
110	111	17	0
111	112	17	0
112	113	17	0
113	114	17	0
114	115	17	0
115	116	17	0
116	117	17	0
117	118	17	0
118	119	17	0
119	120	17	0
120	121	26	0
121	122	25	0
122	123	28	0
123	124	27	0
124	125	27	0
125	126	27	0
126	127	27	0
127	128	27	0
128	129	27	0
129	130	27	0
130	131	27	0
131	132	27	0
132	133	27	0
133	134	30	0
134	135	29	0
135	136	29	0
136	137	29	0
137	138	29	0
138	139	29	0
139	140	29	0
140	141	29	0
141	142	29	0
142	143	29	0
143	144	29	0
144	145	29	0
145	146	29	0
146	147	29	0
147	148	29	0
148	149	29	0
149	150	29	0
150	151	29	0
151	152	29	0
152	153	29	0
153	154	29	0
154	155	2	0
155	156	1	0
156	157	1	0
157	158	1	0
158	159	1	0
159	160	1	0
160	161	1	0
161	162	1	0
162	163	1	0
163	164	1	0
164	165	1	0
165	166	1	0
166	167	1	0
167	168	1	0
168	169	8	0
169	170	5	0
170	171	5	0
171	172	5	0
172	173	5	0
173	174	5	0
174	175	18	0
175	176	26	0
176	177	28	0
177	178	27	0
178	179	27	0
179	180	27	0
180	181	27	0
181	182	27	0
182	183	27	0
183	184	27	0
184	185	27	0
185	186	27	0
186	187	27	0
187	188	27	0
188	189	27	0
189	190	27	0
190	191	27	0
191	192	30	0
192	193	29	0
193	194	29	0
194	195	29	0
195	196	29	0
196	197	29	0
197	198	29	0
198	199	29	0
199	200	29	0
200	201	29	0
201	202	29	0
202	203	29	0
203	204	29	0
204	205	29	0
205	206	29	0
206	207	29	0
207	208	29	0
208	209	29	0
209	31	29	0
210	211	15	0
211	212	15	0
212	213	15	0
213	214	15	0
214	215	18	0
215	216	17	0
216	217	17	0
217	218	17	0
218	219	17	0
219	220	17	0
220	221	17	0
221	222	17	0
222	223	17	0
223	224	17	0
224	225	17	0
225	226	17	0
226	227	17	0
227	228	17	0
228	229	17	0
229	230	17	0
230	231	17	0
231	232	17	0
232	233	17	0
233	234	17	0
234	235	17	0
235	236	17	0
236	237	17	0
237	238	17	0
238	239	17	0
239	240	17	0
240	241	17	0
241	242	17	0
242	243	17	0
243	244	17	0
244	245	17	0
245	246	17	0
246	247	17	0
247	248	17	0
248	249	17	0
249	250	17	0
250	251	17	0
251	252	17	0
252	253	17	0
253	254	17	0
254	255	17	0
255	256	17	0
256	257	17	0
257	258	17	0
258	259	17	0
259	260	17	0
260	261	17	0
261	262	17	0
262	263	17	0
263	264	17	0
264	265	17	0
265	266	17	0
266	267	17	0
267	268	17	0
268	269	17	0
269	270	17	0
270	271	26	0
271	272	25	0
272	273	28	0
273	274	27	0
274	275	27	0
275	276	27	0
276	277	27	0
277	278	27	0
278	279	27	0
279	280	27	0
280	281	27	0
281	282	27	0
282	283	27	0
283	284	30	0
284	285	29	0
285	286	29	0
286	287	29	0
287	288	29	0
288	289	29	0
289	290	29	0
290	291	29	0
291	292	29	0
292	293	29	0
293	294	29	0
294	295	29	0
295	296	29	0
296	297	29	0
297	298	29	0
298	299	29	0
299	300	29	0
300	301	29	0
301	302	29	0
302	303	29	0
303	304	29	0
304	305	2	0
305	306	1	0
306	307	1	0
307	308	1	0
308	309	1	0
309	310	1	0
310	311	1	0
311	312	1	0
312	313	1	0
313	314	1	0
314	25	1	0
315	316	15	0
316	317	15	0
317	318	15	0
318	319	15	0
319	320	18	0
320	321	17	0
321	322	17	0
322	323	17	0
323	324	17	0
324	325	17	0
325	326	17	0
326	327	17	0
327	328	17	0
328	329	17	0
329	330	17	0
330	331	17	0
331	332	17	0
332	333	17	0
333	334	17	0
334	335	17	0
335	336	17	0
336	337	17	0
337	338	17	0
338	339	17	0
339	340	17	0
340	341	17	0
341	342	17	0
342	343	17	0
343	344	17	0
344	345	17	0
345	346	17	0
346	347	17	0
347	348	17	0
348	349	17	0
349	350	17	0
350	351	17	0
351	352	17	0
352	353	17	0
353	354	17	0
354	355	17	0
355	356	17	0
356	357	17	0
357	358	17	0
358	359	17	0
359	360	17	0
360	361	17	0
361	362	17	0
362	363	17	0
363	364	17	0
364	365	17	0
365	366	17	0
366	367	17	0
367	368	17	0
368	369	17	0
369	370	17	0
370	371	17	0
371	372	17	0
372	373	17	0
373	374	17	0
374	375	17	0
375	376	26	0
376	377	25	0
377	378	28	0
378	379	27	0
379	380	27	0
380	381	27	0
381	382	27	0
382	383	27	0
383	384	27	0
384	385	27	0
385	386	27	0
386	387	27	0
387	388	27	0
388	389	30	0
389	390	29	0
390	391	29	0
391	392	29	0
392	393	29	0
393	394	29	0
394	395	29	0
395	396	29	0
396	397	29	0
397	398	29	0
398	399	29	0
399	400	29	0
400	401	29	0
401	402	29	0
402	403	29	0
403	404	29	0
404	405	29	0
405	406	29	0
406	407	29	0
407	408	29	0
408	409	29	0
409	410	2	0
410	411	1	0
411	412	1	0
412	413	1	0
413	414	1	0
414	5	1	0
415	416	1	0
416	417	1	0
417	418	1	0
418	419	1	0
419	420	1	0
420	421	1	0
421	422	1	0
422	423	8	0
423	424	5	0
424	425	5	0
425	426	5	0
426	427	5	0
427	428	5	0
428	429	18	0
429	430	26	0
430	431	28	0
431	432	27	0
432	433	27	0
433	434	27	0
434	435	27	0
435	436	27	0
436	437	27	0
437	438	27	0
438	439	27	0
439	440	27	0
440	441	27	0
441	442	27	0
442	443	27	0
443	444	27	0
444	445	27	0
445	446	30	0
446	447	29	0
447	448	29	0
448	449	29	0
449	450	29	0
450	451	29	0
451	452	29	0
452	453	29	0
453	454	29	0
454	455	29	0
455	456	29	0
456	457	29	0
457	458	29	0
458	459	29	0
459	460	29	0
460	461	29	0
461	462	29	0
462	463	29	0
463	464	29	0
464	465	2	0
465	466	1	0
466	467	1	0
467	468	1	0
468	469	1	0
469	470	1	0
470	471	1	0
471	472	1	0
472	473	1	0
473	474	1	0
474	475	1	0
475	476	1	0
476	477	1	0
477	478	1	0
478	479	1	0
479	480	8	0
480	481	5	0
481	482	5	0
482	483	5	0
483	484	5	0
484	485	5	0
485	486	5	0
486	487	5	0
487	488	5	0
488	489	5	0
489	490	18	0
490	491	26	0
491	492	28	0
492	493	27	0
493	494	27	0
494	495	27	0
495	496	27	0
496	497	27	0
497	498	27	0
498	499	27	0
499	500	27	0
500	501	27	0
501	502	27	0
502	503	27	0
503	504	27	0
504	505	27	0
505	506	27	0
506	507	30	0
507	508	29	0
508	509	29	0
509	510	29	0
510	511	29	0
511	512	29	0
512	513	29	0
513	514	29	0
514	515	29	0
515	516	29	0
516	517	29	0
517	518	29	0
518	519	29	0
519	520	29	0
520	521	29	0
521	522	29	0
522	523	29	0
523	524	29	0
524	525	29	0
525	526	2	0
526	527	1	0
527	528	1	0
528	529	1	0
529	530	1	0
530	531	1	0
531	532	1	0
532	533	1	0
533	534	1	0
534	535	1	0
535	536	1	0
536	537	1	0
537	538	1	0
538	539	8	0
539	540	5	0
540	541	5	0
541	542	5	0
542	543	5	0
543	544	5	0
544	545	5	0
545	546	5	0
546	547	5	0
547	548	5	0
548	549	18	0
549	550	26	0
550	551	28	0
551	552	27	0
552	553	27	0
553	554	27	0
554	555	27	0
555	556	27	0
556	557	27	0
557	558	27	0
558	559	27	0
559	560	27	0
560	561	27	0
561	562	27	0
562	563	27	0
563	564	27	0
564	565	27	0
565	566	27	0
566	567	30	0
567	568	29	0
568	569	29	0
569	570	29	0
570	571	29	0
571	572	29	0
572	573	29	0
573	574	29	0
574	575	29	0
575	576	29	0
576	577	29	0
577	578	29	0
578	579	29	0
579	580	29	0
580	581	29	0
581	582	29	0
582	583	29	0
583	584	29	0
584	6	29	0
585	586	1	0
586	587	1	0
587	588	1	0
588	589	1	0
589	590	1	0
590	591	1	0
591	592	1	0
592	593	8	0
593	594	5	0
594	595	5	0
595	596	5	0
596	597	5	0
597	598	5	0
598	599	18	0
599	600	26	0
600	601	28	0
601	602	27	0
602	603	27	0
603	604	27	0
604	605	27	0
605	606	27	0
606	607	27	0
607	608	27	0
608	609	27	0
609	610	27	0
610	611	27	0
611	612	27	0
612	613	27	0
613	614	27	0
614	615	27	0
615	616	30	0
616	617	29	0
617	618	29	0
618	619	29	0
619	620	29	0
620	621	29	0
621	622	29	0
622	623	29	0
623	624	29	0
624	625	29	0
625	626	29	0
626	627	29	0
627	628	29	0
628	629	29	0
629	630	29	0
630	631	29	0
631	632	29	0
632	633	29	0
633	634	29	0
634	635	2	0
635	636	1	0
636	637	1	0
637	638	1	0
638	639	1	0
639	640	1	0
640	641	1	0
641	642	1	0
642	643	1	0
643	644	1	0
644	645	1	0
645	646	1	0
646	647	1	0
647	648	1	0
648	649	1	0
649	650	8	0
650	651	5	0
651	652	5	0
652	653	5	0
653	654	5	0
654	655	5	0
655	656	5	0
656	657	5	0
657	658	5	0
658	659	5	0
659	660	18	0
660	661	26	0
661	662	28	0
662	663	27	0
663	664	27	0
664	665	27	0
665	666	27	0
666	667	27	0
667	668	27	0
668	669	27	0
669	670	27	0
670	671	27	0
671	672	27	0
672	673	27	0
673	674	27	0
674	675	27	0
675	676	27	0
676	677	30	0
677	678	29	0
678	679	29	0
679	680	29	0
680	681	29	0
681	682	29	0
682	683	29	0
683	684	29	0
684	685	29	0
685	686	29	0
686	687	29	0
687	688	29	0
688	689	29	0
689	690	29	0
690	691	29	0
691	692	29	0
692	693	29	0
693	694	29	0
694	695	29	0
695	696	2	0
696	697	1	0
697	698	1	0
698	699	1	0
699	700	1	0
700	701	1	0
701	702	1	0
702	703	1	0
703	704	1	0
704	705	1	0
705	706	1	0
706	707	1	0
707	708	1	0
708	709	8	0
709	710	5	0
710	711	5	0
711	712	5	0
712	713	5	0
713	714	5	0
714	715	5	0
715	716	5	0
716	717	5	0
717	718	5	0
718	719	18	0
719	720	26	0
720	721	28	0
721	722	27	0
722	723	27	0
723	724	27	0
724	725	27	0
725	726	27	0
726	727	27	0
727	728	27	0
728	729	27	0
729	730	27	0
730	731	27	0
731	732	27	0
732	733	27	0
733	734	27	0
734	735	27	0
735	736	27	0
736	737	30	0
737	738	29	0
738	739	29	0
739	740	29	0
740	741	29	0
741	742	29	0
742	743	29	0
743	744	29	0
744	745	29	0
745	746	29	0
746	747	29	0
747	748	29	0
748	749	29	0
749	750	29	0
750	751	29	0
751	752	29	0
752	753	29	0
753	754	29	0
754	755	29	0
755	756	29	0
756	757	2	0
757	758	1	0
758	759	1	0
759	760	1	0
760	761	1	0
761	762	1	0
762	763	1	0
763	764	1	0
764	765	1	0
765	766	1	0
766	767	1	0
767	768	1	0
768	769	1	0
769	770	8	0
770	771	5	0
771	772	5	0
772	773	5	0
773	774	5	0
774	775	5	0
775	776	5	0
776	777	5	0
777	778	5	0
778	779	5	0
779	780	5	0
780	781	18	0
781	782	17	0
782	783	17	0
783	784	17	0
784	785	17	0
785	786	17	0
786	787	17	0
787	788	17	0
788	789	17	0
789	790	17	0
790	791	20	0
791	792	19	0
792	793	19	0
793	794	19	0
794	795	19	0
795	796	19	0
796	797	19	0
797	798	19	0
798	799	19	0
799	800	19	0
800	801	19	0
801	802	19	0
802	803	22	0
803	804	21	0
804	805	21	0
805	806	21	0
806	807	21	0
807	808	21	0
808	809	21	0
809	810	21	0
810	811	21	0
811	812	21	0
812	813	21	0
813	814	21	0
814	815	21	0
815	816	21	0
816	817	21	0
817	818	21	0
818	819	21	0
819	820	21	0
820	821	21	0
821	822	21	0
822	823	24	0
823	824	23	0
824	825	23	0
825	826	23	0
826	21	23	0
827	828	2	0
828	829	1	0
829	830	1	0
830	831	1	0
831	832	1	0
832	833	1	0
833	834	1	0
834	835	1	0
835	836	1	0
836	837	1	0
837	838	1	0
838	839	1	0
839	840	1	0
840	841	8	0
841	842	5	0
842	843	5	0
843	844	5	0
844	845	5	0
845	846	5	0
846	847	5	0
847	848	5	0
848	849	5	0
849	850	5	0
850	851	5	0
851	852	18	0
852	853	17	0
853	854	17	0
854	855	17	0
855	856	17	0
856	857	17	0
857	858	17	0
858	859	17	0
859	860	17	0
860	861	17	0
861	862	20	0
862	863	19	0
863	864	19	0
864	865	19	0
865	866	19	0
866	867	19	0
867	868	19	0
868	869	19	0
869	870	19	0
870	871	19	0
871	872	19	0
872	873	19	0
873	874	22	0
874	875	21	0
875	876	21	0
876	877	21	0
877	878	21	0
878	879	21	0
879	880	21	0
880	881	21	0
881	882	21	0
882	883	21	0
883	884	21	0
884	885	21	0
885	886	21	0
886	887	21	0
887	888	21	0
888	889	21	0
889	890	21	0
890	891	21	0
891	892	21	0
892	893	21	0
893	894	24	0
894	895	23	0
895	896	23	0
896	897	23	0
897	898	23	0
898	899	23	0
899	900	23	0
900	901	23	0
901	902	23	0
902	903	23	0
903	904	23	0
904	905	2	0
905	906	8	0
906	907	5	0
907	908	5	0
908	909	5	0
909	910	5	0
910	911	5	0
911	912	5	0
912	913	18	0
913	914	17	0
914	915	17	0
915	916	17	0
916	917	17	0
917	918	17	0
918	919	17	0
919	920	17	0
920	921	17	0
921	922	20	0
922	923	19	0
923	924	19	0
924	925	19	0
925	926	19	0
926	927	19	0
927	928	19	0
928	929	19	0
929	930	19	0
930	931	19	0
931	932	19	0
932	933	19	0
933	934	19	0
934	935	19	0
935	936	22	0
936	937	21	0
937	938	21	0
938	939	21	0
939	940	21	0
940	941	21	0
941	942	21	0
942	943	21	0
943	944	21	0
944	945	21	0
945	946	21	0
946	947	21	0
947	948	21	0
948	949	21	0
949	950	21	0
950	951	21	0
951	952	21	0
952	953	21	0
953	954	21	0
954	955	24	0
955	956	23	0
956	957	23	0
957	958	23	0
958	959	23	0
959	960	23	0
960	961	23	0
961	962	23	0
962	963	23	0
963	964	23	0
964	965	23	0
965	966	23	0
966	967	2	0
967	968	8	0
968	969	5	0
969	970	5	0
970	971	5	0
971	972	5	0
972	973	5	0
973	974	5	0
974	975	5	0
975	976	5	0
976	977	18	0
977	978	17	0
978	979	17	0
979	980	17	0
980	981	17	0
981	982	17	0
982	983	17	0
983	984	17	0
984	985	17	0
985	986	17	0
986	987	17	0
987	988	20	0
988	989	19	0
989	990	19	0
990	991	19	0
991	992	19	0
992	993	19	0
993	994	19	0
994	995	19	0
995	996	19	0
996	997	19	0
997	998	19	0
998	999	19	0
999	1000	19	0
1000	1001	22	0
1001	1002	21	0
1002	1003	21	0
1003	1004	21	0
1004	1005	21	0
1005	1006	21	0
1006	1007	21	0
1007	1008	21	0
1008	1009	21	0
1009	1010	21	0
1010	1011	21	0
1011	1012	21	0
1012	1013	21	0
1013	1014	21	0
1014	1015	21	0
1015	1016	21	0
1016	1017	21	0
1017	1018	24	0
1018	1019	23	0
1019	1020	23	0
1020	1021	23	0
1021	1022	23	0
1022	1023	23	0
1023	1024	23	0
1024	1025	23	0
1025	1026	23	0
1026	1027	23	0
1027	1028	23	0
1028	1029	23	0
1029	1030	2	0
1030	1031	1	0
1031	1032	1	0
1032	1033	8	0
1033	1034	5	0
1034	1035	5	0
1035	1036	5	0
1036	1037	5	0
1037	1038	5	0
1038	1039	5	0
1039	1040	5	0
1040	1041	5	0
1041	1042	5	0
1042	1043	18	0
1043	1044	17	0
1044	1045	17	0
1045	1046	17	0
1046	1047	17	0
1047	1048	17	0
1048	1049	17	0
1049	1050	17	0
1050	1051	17	0
1051	1052	17	0
1052	1053	17	0
1053	1054	17	0
1054	1055	20	0
1055	1056	19	0
1056	1057	19	0
1057	1058	19	0
1058	1059	19	0
1059	1060	19	0
1060	1061	19	0
1061	1062	19	0
1062	1063	19	0
1063	1064	19	0
1064	1065	19	0
1065	1066	19	0
1066	1067	22	0
1067	1068	21	0
1068	1069	21	0
1069	1070	21	0
1070	1071	21	0
1071	1072	21	0
1072	1073	21	0
1073	1074	21	0
1074	1075	21	0
1075	1076	21	0
1076	1077	21	0
1077	1078	21	0
1078	1079	24	0
1079	1080	23	0
1080	1081	23	0
1081	1082	23	0
1082	1083	23	0
1083	1084	23	0
1084	1085	23	0
1085	1086	23	0
1086	1087	23	0
1087	1088	23	0
1088	1089	23	0
1089	1090	23	0
1090	1091	2	0
1091	1092	1	0
1092	1093	7	0
1093	1094	5	0
1094	1095	5	0
1095	1096	5	0
1096	1097	5	0
1097	1098	5	0
1098	1099	5	0
1099	1100	5	0
1100	1101	14	0
1101	1102	15	0
1102	1103	15	0
1103	1104	15	0
1104	1105	15	0
1105	1106	15	0
1106	1107	15	0
1107	1108	15	0
1108	1109	15	0
1109	1110	15	0
1110	1111	15	0
1111	1112	15	0
1112	1113	15	0
1113	1114	11	0
1114	1115	10	0
1115	1116	10	0
1116	1117	10	0
1117	1118	10	0
1118	1119	10	0
1119	1120	10	0
1120	1121	16	0
1121	1122	15	0
1122	1123	15	0
1123	1124	15	0
1124	1125	18	0
1125	1126	17	0
1126	1127	17	0
1127	1128	17	0
1128	1129	17	0
1129	1130	17	0
1130	1131	17	0
1131	1132	17	0
1132	1133	17	0
1133	1134	17	0
1134	1135	17	0
1135	1136	17	0
1136	1137	17	0
1137	1138	17	0
1138	1139	17	0
1139	1140	17	0
1140	1141	17	0
1141	1142	17	0
1142	1143	17	0
1143	1144	17	0
1144	1145	17	0
1145	1146	17	0
1146	1147	17	0
1147	1148	17	0
1148	1149	17	0
1149	1150	17	0
1150	1151	17	0
1151	1152	17	0
1152	1153	17	0
1153	1154	17	0
1154	1155	17	0
1155	1156	17	0
1156	1157	17	0
1157	1158	17	0
1158	1159	17	0
1159	1160	17	0
1160	1161	17	0
1161	1162	17	0
1162	1163	17	0
1163	1164	17	0
1164
1165	1166	2	0
1166	1167	1	0
1167	1168	1	0
1168	1169	1	0
1169	1170	1	0
1170	1171	1	0
1171	1172	1	0
1172	1173	1	0
1173	1174	1	0
1174	1175	1	0
1175	1176	1	0
1176	1177	1	0
1177	1178	1	0
1178	1179	8	0
1179	1180	5	0
1180	1181	5	0
1181	1182	5	0
1182	1183	5	0
1183	1184	5	0
1184	1185	5	0
1185	1186	5	0
1186	1187	5	0
1187	1188	5	0
1188	1189	5	0
1189	1190	18	0
1190	1191	17	0
1191	1192	17	0
1192	1193	17	0
1193	1194	17	0
1194	1195	17	0
1195	1196	17	0
1196	1197	17	0
1197	1198	17	0
1198	1199	17	0
1199	1200	20	0
1200	1201	19	0
1201	1202	19	0
1202	1203	19	0
1203	1204	19	0
1204	1205	19	0
1205	1206	19	0
1206	1207	19	0
1207	1208	19	0
1208	1209	19	0
1209	1210	19	0
1210	1211	19	0
1211	1212	22	0
1212	1213	21	0
1213	1214	21	0
1214	1215	21	0
1215	1216	21	0
1216	1217	21	0
1217	1218	21	0
1218	1219	21	0
1219	1220	21	0
1220	1221	21	0
1221	1222	21	0
1222	1223	21	0
1223	1224	21	0
1224	1225	21	0
1225	1226	21	0
1226	1227	21	0
1227	1228	21	0
1228	1229	21	0
1229	1230	21	0
1230	1231	21	0
1231	1232	24	0
1232	1233	23	0
1233	1234	23	0
1234	1235	23	0
1235	1236	23	0
1236	1237	23	0
1237	1238	23	0
1238	1239	23	0
1239	1240	23	0
1240	1241	23	0
1241	1242	23	0
1242	1243	2	0
1243	1244	8	0
1244	1245	5	0
1245	1246	5	0
1246	1247	5	0
1247	1248	5	0
1248	1249	5	0
1249	1250	5	0
1250	1251	18	0
1251	1252	17	0
1252	1253	17	0
1253	1254	17	0
1254	1255	17	0
1255	1256	17	0
1256	1257	17	0
1257	1258	17	0
1258	1259	17	0
1259	1260	20	0
1260	1261	19	0
1261	1262	19	0
1262	1263	19	0
1263	1264	19	0
1264	1265	19	0
1265	1266	19	0
1266	1267	19	0
1267	1268	19	0
1268	1269	19	0
1269	1270	19	0
1270	1271	19	0
1271	1272	19	0
1272	1273	19	0
1273	1274	22	0
1274	1275	21	0
1275	1276	21	0
1276	1277	21	0
1277	1278	21	0
1278	1279	21	0
1279	1280	21	0
1280	1281	21	0
1281	1282	21	0
1282	1283	21	0
1283	1284	21	0
1284	1285	21	0
1285	1286	21	0
1286	1287	21	0
1287	1288	21	0
1288	1289	21	0
1289	1290	21	0
1290	1291	21	0
1291	1292	21	0
1292	1293	24	0
1293	1294	23	0
1294	1295	23	0
1295	1296	23	0
1296	1297	23	0
1297	1298	23	0
1298	1299	23	0
1299	1300	23	0
1300	1301	23	0
1301	1302	23	0
1302	1303	23	0
1303	1304	23	0
1304	1305	2	0
1305	1306	8	0
1306	1307	5	0
1307	1308	5	0
1308	1309	5	0
1309	1310	5	0
1310	1311	5	0
1311	1312	5	0
1312	1313	5	0
1313	1314	5	0
1314	1315	18	0
1315	1316	17	0
1316	1317	17	0
1317	1318	17	0
1318	1319	17	0
1319	1320	17	0
1320	1321	17	0
1321	1322	17	0
1322	1323	17	0
1323	1324	17	0
1324	1325	17	0
1325	1326	20	0
1326	1327	19	0
1327	1328	19	0
1328	1329	19	0
1329	1330	19	0
1330	1331	19	0
1331	1332	19	0
1332	1333	19	0
1333	1334	19	0
1334	1335	19	0
1335	1336	19	0
1336	1337	19	0
1337	1338	19	0
1338	1339	22	0
1339	1340	21	0
1340	1341	21	0
1341	1342	21	0
1342	1343	21	0
1343	1344	21	0
1344	1345	21	0
1345	1346	21	0
1346	1347	21	0
1347	1348	21	0
1348	1349	21	0
1349	1350	21	0
1350	1351	21	0
1351	1352	21	0
1352	1353	21	0
1353	1354	21	0
1354	1355	21	0
1355	1356	24	0
1356	1357	23	0
1357	1358	23	0
1358	1359	23	0
1359	1360	23	0
1360	1361	23	0
1361	1362	23	0
1362	1363	23	0
1363	1364	23	0
1364	1365	23	0
1365	1366	23	0
1366	1367	23	0
1367	1368	2	0
1368	1369	1	0
1369	1370	1	0
1370	1371	8	0
1371	1372	5	0
1372	1373	5	0
1373	1374	5	0
1374	1375	5	0
1375	1376	5	0
1376	1377	5	0
1377	1378	5	0
1378	1379	5	0
1379	1380	5	0
1380	1381	18	0
1381	1382	17	0
1382	1383	17	0
1383	1384	17	0
1384	1385	17	0
1385	1386	17	0
1386	1387	17	0
1387	1388	17	0
1388	1389	17	0
1389	1390	17	0
1390	1391	17	0
1391	1392	17	0
1392	1393	20	0
1393	1394	19	0
1394	1395	19	0
1395	1396	19	0
1396	1397	19	0
1397	1398	19	0
1398	1399	19	0
1399	1400	19	0
1400	1401	19	0
1401	1402	19	0
1402	1403	19	0
1403	1404	19	0
1404	1405	22	0
1405	1406	21	0
1406	1407	21	0
1407	1408	21	0
1408	1409	21	0
1409	1410	21	0
1410	1411	21	0
1411	1412	21	0
1412	1413	21	0
1413	1414	21	0
1414	1415	21	0
1415	1416	21	0
1416	1417	24	0
1417	1418	23	0
1418	1419	23	0
1419	1420	23	0
1420	1421	23	0
1421	1422	23	0
1422	1423	23	0
1423	1424	20	0
1424	1425	22	0
1425	1426	24	0
1426	1427	23	0
1427	1428	23	0
1428	1429	2	0
1429	1430	1	0
1430	1431	7	0
1431	1432	5	0
1432	1433	5	0
1433	1434	5	0
1434	1435	5	0
1435	1436	5	0
1436	1437	5	0
1437	1438	5	0
1438	1439	14	0
1439	1440	15	0
1440	1441	15	0
1441	1442	15	0
1442	1443	15	0
1443	1444	15	0
1444	1445	15	0
1445	1446	15	0
1446	1447	15	0
1447	1448	15	0
1448	1449	15	0
1449	1450	15	0
1450	1451	15	0
1451	1452	11	0
1452	1453	10	0
1453	1454	10	0
1454	1455	10	0
1455	1456	10	0
1456	1457	10	0
1457	1458	10	0
1458	1459	16	0
1459	1460	15	0
1460	1461	15	0
1461	1462	15	0
1462	1463	18	0
1463	1464	17	0
1464	1465	17	0
1465	1466	17	0
1466	1467	17	0
1467	1468	17	0
1468	1469	17	0
1469	1470	17	0
1470	1471	17	0
1471	1472	17	0
1472	1473	17	0
1473	1474	17	0
1474	1475	17	0
1475	1476	17	0
1476	1477	17	0
1477	1478	17	0
1478	1479	17	0
1479	1480	17	0
1480	1481	17	0
1481	1482	17	0
1482	1483	17	0
1483	1484	17	0
1484	1485	17	0
1485	1486	17	0
1486	1487	17	0
1487	1488	17	0
1488	1489	17	0
1489	1490	17	0
1490	1491	17	0
1491	1492	17	0
1492	1493	17	0
1493	1494	17	0
1494	1495	17	0
1495	1496	17	0
1496	1497	17	0
1497	1498	17	0
1498	1499	17	0
1499	1500	17	0
1500	1501	17	0
1501	1502	17	0
1502
1503	1504	15	0
1504	1505	15	0
1505	1506	15	0
1506	1507	15	0
1507	1508	18	0
1508	1509	17	0
1509	1510	17	0
1510	1511	17	0
1511	1512	17	0
1512	1513	17	0
1513	1514	17	0
1514	1515	17	0
1515	1516	17	0
1516	1517	17	0
1517	1518	17	0
1518	1519	17	0
1519	1520	17	0
1520	1521	17	0
1521	1522	17	0
1522	1523	17	0
1523	1524	17	0
1524	1525	17	0
1525	1526	17	0
1526	1527	17	0
1527	1528	17	0
1528	1529	17	0
1529	1530	17	0
1530	1531	17	0
1531	1532	17	0
1532	1533	17	0
1533	1534	17	0
1534	1535	17	0
1535	1536	17	0
1536	1537	17	0
1537	1538	17	0
1538	1539	17	0
1539	1540	17	0
1540	1541	17	0
1541	1542	17	0
1542	1543	17	0
1543	1544	17	0
1544	1545	17	0
1545	1546	17	0
1546	1547	17	0
1547	1548	17	0
1548	1549	17	0
1549	1550	17	0
1550	1551	17	0
1551	1552	17	0
1552	1553	17	0
1553	1554	17	0
1554	1555	17	0
1555	1556	17	0
1556	1557	17	0
1557	1558	17	0
1558	1559	17	0
1559	1560	17	0
1560	1561	17	0
1561	1562	17	0
1562	1563	17	0
1563	1564	26	0
1564	1565	25	0
1565	1566	28	0
1566	1567	27	0
1567	1568	27	0
1568	1569	27	0
1569	1570	27	0
1570	1571	27	0
1571	1572	27	0
1572	1573	27	0
1573	1574	27	0
1574	1575	27	0
1575	1576	27	0
1576	1577	30	0
1577	1578	29	0
1578	1579	29	0
1579	1580	29	0
1580	1581	29	0
1581	1582	29	0
1582	1583	29	0
1583	1584	29	0
1584	1585	29	0
1585	1586	29	0
1586	1587	29	0
1587	1588	29	0
1588	1589	29	0
1589	1590	29	0
1590	1591	29	0
1591	1592	29	0
1592	1593	29	0
1593	1594	29	0
1594	1595	29	0
1595	1596	29	0
1596	1597	29	0
1597	1598	2	0
1598	1599	1	0
1599	1600	1	0
1600	1601	1	0
1601	1602	1	0
1602	1603	1	0
1603	1604	1	0
1604	1605	1	0
1605	1606	1	0
1606	1607	1	0
1607	12	1	0
1608	1609	1	0
1609	1610	1	0
1610	1611	8	0
1611	1612	5	0
1612	1613	5	0
1613	1614	5	0
1614	1615	5	0
1615	1616	5	0
1616	1617	18	0
1617	1618	26	0
1618	1619	28	0
1619	1620	27	0
1620	1621	27	0
1621	1622	27	0
1622	1623	27	0
1623	1624	27	0
1624	14	27	0
1625	1626	26	0
1626	1627	28	0
1627	1628	27	0
1628	1629	27	0
1629	1630	27	0
1630	1631	27	0
1631	1632	27	0
1632	1633	30	0
1633	1634	29	0
1634	1635	29	0
1635	1636	29	0
1636	1637	29	0
1637	1638	29	0
1638	1639	29	0
1639	1640	29	0
1640	1641	29	0
1641	1642	29	0
1642	1643	29	0
1643	1644	29	0
1644	1645	29	0
1645	1646	29	0
1646	1647	29	0
1647	1648	29	0
1648	1649	29	0
1649	1650	29	0
1650	1651	29	0
1651	1652	2	0
1652	1653	1	0
1653	1654	1	0
1654	1655	1	0
1655	1656	1	0
1656	1657	1	0
1657	1658	1	0
1658	1659	1	0
1659	1660	1	0
1660	1661	1	0
1661	1662	1	0
1662	1663	1	0
1663	1664	1	0
1664	1665	1	0
1665	1666	1	0
1666	1667	8	0
1667	1668	5	0
1668	1669	5	0
1669	1670	5	0
1670	1671	5	0
1671	1672	5	0
1672	1673	5	0
1673	1674	5	0
1674	1675	5	0
1675	1676	5	0
1676	1677	18	0
1677	1678	26	0
1678	1679	28	0
1679	1680	27	0
1680	1681	27	0
1681	1682	27	0
1682	1683	27	0
1683	1684	27	0
1684	1685	27	0
1685	1686	27	0
1686	1687	27	0
1687	1688	27	0
1688	1689	27	0
1689	1690	27	0
1690	1691	27	0
1691	1692	27	0
1692	1693	27	0
1693	1694	30	0
1694	1695	29	0
1695	1696	29	0
1696	1697	29	0
1697	1698	29	0
1698	1699	29	0
1699	1700	29	0
1700	1701	29	0
1701	1702	29	0
1702	1703	29	0
1703	1704	29	0
1704	1705	29	0
1705	1706	29	0
1706	1707	29	0
1707	1708	29	0
1708	1709	29	0
1709	1710	29	0
1710	1711	29	0
1711	1712	29	0
1712	1713	2	0
1713	1714	1	0
1714	1715	1	0
1715	1716	1	0
1716	1717	1	0
1717	1718	1	0
1718	1719	1	0
1719	1720	1	0
1720	1721	1	0
1721	1722	1	0
1722	1723	1	0
1723	1724	1	0
1724	1725	1	0
1725	1726	8	0
1726	1727	5	0
1727	1728	5	0
1728	1729	5	0
1729	1730	5	0
1730	1731	5	0
1731	1732	5	0
1732	1733	5	0
1733	1734	5	0
1734	1735	5	0
1735	1736	18	0
1736	1737	26	0
1737	1738	28	0
1738	1739	27	0
1739	1740	27	0
1740	1741	27	0
1741	1742	27	0
1742	1743	27	0
1743	1744	27	0
1744	1745	27	0
1745	1746	27	0
1746	1747	27	0
1747	1748	27	0
1748	1749	27	0
1749	1750	27	0
1750	1751	27	0
1751	1752	27	0
1752	1753	27	0
1753	1754	30	0
1754	1755	29	0
1755	1756	29	0
1756	1757	29	0
1757	1758	29	0
1758	1759	29	0
1759	1760	29	0
1760	1761	29	0
1761	1762	29	0
1762	1763	29	0
1763	1764	29	0
1764	1765	29	0
1765	1766	29	0
1766	1767	29	0
1767	1768	29	0
1768	1769	29	0
1769	1770	29	0
1770	1771	29	0
1771	1772	29	0
1772	1773	29	0
1773	1774	2	0
1774	1775	1	0
1775	1776	1	0
1776	1777	1	0
1777	1778	1	0
1778	1779	1	0
1779	1780	1	0
1780	1781	1	0
1781	1782	1	0
1782	1783	1	0
1783	1784	1	0
1784	1785	1	0
1785	1786	1	0
1786	1787	8	0
1787	1788	5	0
1788	1789	5	0
1789	1790	5	0
1790	1791	5	0
1791	1792	5	0
1792	1793	5	0
1793	1794	5	0
1794	1795	5	0
1795	1796	5	0
1796	1797	5	0
1797	1798	18	0
1798	1799	17	0
1799	1800	17	0
1800	1801	17	0
1801	1802	17	0
1802	1803	17	0
1803	1804	17	0
1804	1805	17	0
1805	1806	17	0
1806	1807	17	0
1807	1808	20	0
1808	1809	19	0
1809	1810	19	0
1810	1811	19	0
1811	1812	19	0
1812	1813	19	0
1813	1814	19	0
1814	1815	19	0
1815	1816	19	0
1816	1817	19	0
1817	1818	19	0
1818	1819	19	0
1819	1820	22	0
1820	1821	21	0
1821	1822	21	0
1822	1823	21	0
1823	1824	21	0
1824	1825	21	0
1825	1826	21	0
1826	1827	21	0
1827	1828	21	0
1828	1829	21	0
1829	1830	21	0
1830	1831	21	0
1831	1832	21	0
1832	1833	21	0
1833	1834	21	0
1834	1835	21	0
1835	1836	21	0
1836	1837	21	0
1837	1838	21	0
1838	1839	21	0
1839	1840	24	0
1840	1841	23	0
1841	1842	23	0
1842	1843	23	0
1843	1844	23	0
1844	1845	23	0
1845	1846	23	0
1846	1847	23	0
1847	1848	23	0
1848	1849	23	0
1849	1850	23	0
1850	1851	2	0
1851	1852	8	0
1852	1853	5	0
1853	1854	5	0
1854	1855	5	0
1855	1856	5	0
1856	1857	5	0
1857	1858	5	0
1858	1859	18	0
1859	1860	17	0
1860	1861	17	0
1861	1862	17	0
1862	1863	17	0
1863	1864	17	0
1864	1865	17	0
1865	1866	17	0
1866	1867	17	0
1867	1868	20	0
1868	1869	19	0
1869	1870	19	0
1870	1871	19	0
1871	1872	19	0
1872	1873	19	0
1873	1874	19	0
1874	1875	19	0
1875	1876	19	0
1876	1877	19	0
1877	1878	19	0
1878	1879	19	0
1879	1880	19	0
1880	1881	19	0
1881	1882	22	0
1882	1883	21	0
1883	1884	21	0
1884	1885	21	0
1885	1886	21	0
1886	1887	21	0
1887	1888	21	0
1888	1889	21	0
1889	1890	21	0
1890	1891	21	0
1891	1892	21	0
1892	1893	21	0
1893	1894	21	0
1894	1895	21	0
1895	1896	21	0
1896	1897	21	0
1897	1898	21	0
1898	1899	21	0
1899	1900	21	0
1900	1901	24	0
1901	1902	23	0
1902	1903	23	0
1903	1904	23	0
1904	1905	23	0
1905	1906	23	0
1906	1907	23	0
1907	1908	23	0
1908	1909	23	0
1909	1910	23	0
1910	1911	23	0
1911	1912	23	0
1912	1913	2	0
1913	1914	8	0
1914	1915	5	0
1915	1916	5	0
1916	1917	5	0
1917	1918	5	0
1918	1919	5	0
1919	1920	5	0
1920	1921	5	0
1921	1922	5	0
1922	1923	18	0
1923	1924	17	0
1924	1925	17	0
1925	1926	17	0
1926	1927	17	0
1927	1928	17	0
1928	1929	17	0
1929	1930	17	0
1930	1931	17	0
1931	1932	17	0
1932	1933	17	0
1933	1934	20	0
1934	1935	19	0
1935	1936	19	0
1936	1937	19	0
1937	1938	19	0
1938	1939	19	0
1939	1940	19	0
1940	1941	19	0
1941	1942	19	0
1942	1943	19	0
1943	1944	19	0
1944	1945	19	0
1945	1946	19	0
1946	1947	22	0
1947	1948	21	0
1948	1949	21	0
1949	1950	21	0
1950	1951	21	0
1951	1952	21	0
1952	1953	21	0
1953	1954	21	0
1954	1955	21	0
1955	1956	21	0
1956	1957	21	0
1957	1958	21	0
1958	1959	21	0
1959	1960	21	0
1960	1961	21	0
1961	1962	21	0
1962	1963	21	0
1963	1964	24	0
1964	1965	23	0
1965	1966	23	0
1966	1967	23	0
1967	1968	23	0
1968	1969	23	0
1969	1970	23	0
1970	1971	23	0
1971	1972	23	0
1972	1973	23	0
1973	1974	23	0
1974	1975	23	0
1975	1976	2	0
1976	1977	1	0
1977	1978	1	0
1978	1979	8	0
1979	1980	5	0
1980	1981	5	0
1981	1982	5	0
1982	1983	5	0
1983	1984	5	0
1984	1985	5	0
1985	1986	5	0
1986	1987	5	0
1987	1988	5	0
1988	1989	18	0
1989	1990	17	0
1990	1991	17	0
1991	1992	17	0
1992	1993	17	0
1993	1994	17	0
1994	1995	17	0
1995	1996	17	0
1996	1997	17	0
1997	1998	17	0
1998	1999	17	0
1999	2000	17	0
2000	2001	20	0
2001	2002	19	0
2002	2003	19	0
2003	2004	19	0
2004	2005	19	0
2005	2006	19	0
2006	2007	19	0
2007	2008	19	0
2008	2009	19	0
2009	2010	19	0
2010	2011	19	0
2011	2012	19	0
2012	2013	22	0
2013	2014	21	0
2014	2015	21	0
2015	2016	21	0
2016	2017	21	0
2017	2018	21	0
2018	2019	21	0
2019	2020	21	0
2020	2021	21	0
2021	2022	21	0
2022	2023	21	0
2023	2024	21	0
2024	2025	24	0
2025	2026	23	0
2026	2027	23	0
2027	2028	23	0
2028	2029	23	0
2029	2030	23	0
2030	2031	23	0
2031	2032	23	0
2032	2033	23	0
2033	2034	23	0
2034	2035	23	0
2035	2036	23	0
2036	2037	2	0
2037	2038	1	0
2038	2039	7	0
2039	2040	5	0
2040	2041	5	0
2041	2042	5	0
2042	2043	5	0
2043	2044	5	0
2044	2045	5	0
2045	2046	5	0
2046	2047	14	0
2047	2048	15	0
2048	2049	15	0
2049	2050	15	0
2050	2051	15	0
2051	2052	15	0
2052	2053	15	0
2053	2054	15	0
2054	2055	15	0
2055	2056	15	0
2056	2057	15	0
2057	2058	15	0
2058	2059	15	0
2059	2060	11	0
2060	2061	10	0
2061	2062	10	0
2062	2063	10	0
2063	2064	10	0
2064	2065	10	0
2065	2066	10	0
2066	2067	16	0
2067	2068	15	0
2068	2069	15	0
2069	2070	15	0
2070	2071	18	0
2071	2072	17	0
2072	2073	17	0
2073	2074	17	0
2074	2075	17	0
2075	2076	17	0
2076	2077	17	0
2077	2078	17	0
2078	2079	17	0
2079	2080	17	0
2080	2081	17	0
2081	2082	17	0
2082	2083	17	0
2083	2084	17	0
2084	2085	17	0
2085	2086	17	0
2086	2087	17	0
2087	2088	17	0
2088	2089	17	0
2089	2090	17	0
2090	2091	17	0
2091	2092	17	0
2092	2093	17	0
2093	2094	17	0
2094	2095	17	0
2095	2096	17	0
2096	2097	17	0
2097	2098	17	0
2098	2099	17	0
2099	2100	17	0
2100	2101	17	0
2101	2102	17	0
2102	2103	17	0
2103	2104	17	0
2104	2105	17	0
2105	2106	17	0
2106	2107	17	0
2107	2108	17	0
2108	2109	17	0
2109	2110	17	0
2110
2111	2112	26	0
2112	2113	28	0
2113	2114	27	0
2114	2115	27	0
2115	2116	27	0
2116	2117	27	0
2117	2118	27	0
2118	2119	30	0
2119	2120	29	0
2120	2121	29	0
2121	2122	29	0
2122	2123	29	0
2123	2124	29	0
2124	2125	29	0
2125	2126	29	0
2126	2127	29	0
2127	2128	29	0
2128	2129	29	0
2129	2130	29	0
2130	2131	29	0
2131	2132	29	0
2132	2133	29	0
2133	2134	29	0
2134	2135	29	0
2135	2136	29	0
2136	2137	29	0
2137	2138	2	0
2138	2139	1	0
2139	2140	1	0
2140	2141	1	0
2141	2142	1	0
2142	2143	1	0
2143	2144	1	0
2144	2145	1	0
2145	2146	1	0
2146	2147	1	0
2147	2148	1	0
2148	2149	1	0
2149	2150	1	0
2150	2151	1	0
2151	2152	1	0
2152	2153	8	0
2153	2154	5	0
2154	2155	5	0
2155	2156	5	0
2156	2157	5	0
2157	2158	5	0
2158	2159	5	0
2159	2160	5	0
2160	2161	5	0
2161	2162	5	0
2162	2163	18	0
2163	2164	26	0
2164	2165	28	0
2165	2166	27	0
2166	2167	27	0
2167	2168	27	0
2168	2169	27	0
2169	2170	27	0
2170	2171	27	0
2171	2172	27	0
2172	2173	27	0
2173	2174	27	0
2174	2175	27	0
2175	2176	27	0
2176	2177	27	0
2177	2178	27	0
2178	2179	27	0
2179	2180	30	0
2180	2181	29	0
2181	2182	29	0
2182	2183	29	0
2183	2184	29	0
2184	2185	29	0
2185	2186	29	0
2186	2187	29	0
2187	2188	29	0
2188	2189	29	0
2189	2190	29	0
2190	2191	29	0
2191	2192	29	0
2192	2193	29	0
2193	2194	29	0
2194	2195	29	0
2195	2196	29	0
2196	2197	29	0
2197	2198	29	0
2198	2199	2	0
2199	2200	1	0
2200	2201	1	0
2201	2202	1	0
2202	2203	1	0
2203	2204	1	0
2204	2205	1	0
2205	2206	1	0
2206	2207	1	0
2207	2208	1	0
2208	2209	1	0
2209	2210	1	0
2210	2211	1	0
2211	2212	8	0
2212	2213	5	0
2213	2214	5	0
2214	2215	5	0
2215	2216	5	0
2216	2217	5	0
2217	2218	5	0
2218	2219	5	0
2219	2220	5	0
2220	2221	5	0
2221	2222	18	0
2222	2223	26	0
2223	2224	28	0
2224	2225	27	0
2225	2226	27	0
2226	2227	27	0
2227	2228	27	0
2228	2229	27	0
2229	2230	27	0
2230	2231	27	0
2231	2232	27	0
2232	2233	27	0
2233	2234	27	0
2234	2235	27	0
2235	2236	27	0
2236	2237	27	0
2237	2238	27	0
2238	2239	27	0
2239	2240	30	0
2240	2241	29	0
2241	2242	29	0
2242	2243	29	0
2243	2244	29	0
2244	2245	29	0
2245	2246	29	0
2246	2247	29	0
2247	2248	29	0
2248	2249	29	0
2249	2250	29	0
2250	2251	29	0
2251	2252	29	0
2252	2253	29	0
2253	2254	29	0
2254	2255	29	0
2255	2256	29	0
2256	2257	29	0
2257	2258	29	0
2258	2259	29	0
2259	2260	2	0
2260	2261	1	0
2261	2262	1	0
2262	2263	1	0
2263	2264	1	0
2264	2265	1	0
2265	2266	1	0
2266	2267	1	0
2267	2268	1	0
2268	2269	1	0
2269	2270	1	0
2270	2271	1	0
2271	2272	1	0
2272	2273	8	0
2273	2274	5	0
2274	2275	5	0
2275	2276	5	0
2276	2277	5	0
2277	2278	5	0
2278	2279	5	0
2279	2280	5	0
2280	2281	5	0
2281	2282	5	0
2282	2283	5	0
2283	2284	18	0
2284	2285	17	0
2285	2286	17	0
2286	2287	17	0
2287	2288	17	0
2288	2289	17	0
2289	2290	17	0
2290	2291	17	0
2291	2292	17	0
2292	2293	17	0
2293	2294	20	0
2294	2295	19	0
2295	2296	19	0
2296	2297	19	0
2297	2298	19	0
2298	2299	19	0
2299	2300	19	0
2300	2301	19	0
2301	2302	19	0
2302	2303	19	0
2303	2304	19	0
2304	2305	19	0
2305	2306	22	0
2306	2307	21	0
2307	2308	21	0
2308	2309	21	0
2309	2310	21	0
2310	2311	21	0
2311	2312	21	0
2312	2313	21	0
2313	2314	21	0
2314	2315	21	0
2315	2316	21	0
2316	2317	21	0
2317	2318	21	0
2318	2319	21	0
2319	2320	21	0
2320	2321	21	0
2321	2322	21	0
2322	2323	21	0
2323	2324	21	0
2324	2325	21	0
2325	2326	24	0
2326	2327	23	0
2327	2328	23	0
2328	2329	23	0
2329	34	23	0
2330	2331	2	0
2331	2332	1	0
2332	2333	1	0
2333	2334	1	0
2334	2335	1	0
2335	2336	1	0
2336	2337	1	0
2337	2338	1	0
2338	2339	1	0
2339	2340	1	0
2340	2341	1	0
2341	2342	1	0
2342	2343	1	0
2343	2344	8	0
2344	2345	5	0
2345	2346	5	0
2346	2347	5	0
2347	2348	5	0
2348	2349	5	0
2349	2350	5	0
2350	2351	5	0
2351	2352	5	0
2352	2353	5	0
2353	2354	5	0
2354	2355	18	0
2355	2356	17	0
2356	2357	17	0
2357	2358	17	0
2358	2359	17	0
2359	2360	17	0
2360	2361	17	0
2361	2362	17	0
2362	2363	17	0
2363	2364	17	0
2364	2365	20	0
2365	2366	19	0
2366	2367	19	0
2367	2368	19	0
2368	2369	19	0
2369	2370	19	0
2370	2371	19	0
2371	2372	19	0
2372	2373	19	0
2373	2374	19	0
2374	2375	19	0
2375	2376	19	0
2376	2377	22	0
2377	2378	21	0
2378	2379	21	0
2379	2380	21	0
2380	2381	21	0
2381	2382	21	0
2382	2383	21	0
2383	2384	21	0
2384	2385	21	0
2385	2386	21	0
2386	2387	21	0
2387	2388	21	0
2388	2389	21	0
2389	2390	21	0
2390	2391	21	0
2391	2392	21	0
2392	2393	21	0
2393	2394	21	0
2394	2395	21	0
2395	2396	21	0
2396	2397	24	0
2397	2398	23	0
2398	2399	23	0
2399	2400	23	0
2400	2401	23	0
2401	2402	23	0
2402	2403	23	0
2403	2404	23	0
2404	2405	23	0
2405	2406	23	0
2406	2407	23	0
2407	2408	2	0
2408	2409	8	0
2409	2410	5	0
2410	2411	5	0
2411	2412	5	0
2412	2413	5	0
2413	2414	5	0
2414	2415	5	0
2415	2416	18	0
2416	2417	17	0
2417	2418	17	0
2418	2419	17	0
2419	2420	17	0
2420	2421	17	0
2421	2422	17	0
2422	2423	17	0
2423	2424	17	0
2424	2425	20	0
2425	2426	19	0
2426	2427	19	0
2427	2428	19	0
2428	2429	19	0
2429	2430	19	0
2430	2431	19	0
2431	2432	19	0
2432	2433	19	0
2433	2434	19	0
2434	2435	19	0
2435	2436	19	0
2436	2437	19	0
2437	2438	19	0
2438	2439	22	0
2439	2440	21	0
2440	2441	21	0
2441	2442	21	0
2442	2443	21	0
2443	2444	21	0
2444	2445	21	0
2445	2446	21	0
2446	2447	21	0
2447	2448	21	0
2448	2449	21	0
2449	2450	21	0
2450	2451	21	0
2451	2452	21	0
2452	2453	21	0
2453	2454	21	0
2454	2455	21	0
2455	2456	21	0
2456	2457	21	0
2457	2458	24	0
2458	2459	23	0
2459	2460	23	0
2460	2461	23	0
2461	2462	23	0
2462	2463	23	0
2463	2464	23	0
2464	2465	23	0
2465	2466	23	0
2466	2467	26	0
2467	2468	28	0
2468	2469	30	0
2469	2470	2	0
2470	2471	8	0
2471	2472	5	0
2472	2473	5	0
2473	2474	5	0
2474	2475	5	0
2475	2476	5	0
2476	2477	5	0
2477	2478	5	0
2478	2479	5	0
2479	2480	18	0
2480	2481	17	0
2481	2482	17	0
2482	2483	17	0
2483	2484	17	0
2484	2485	17	0
2485	2486	17	0
2486	2487	17	0
2487	2488	17	0
2488	2489	17	0
2489	2490	17	0
2490	2491	20	0
2491	2492	19	0
2492	2493	19	0
2493	2494	19	0
2494	2495	19	0
2495	2496	19	0
2496	2497	19	0
2497	2498	19	0
2498	2499	19	0
2499	2500	19	0
2500	2501	19	0
2501	2502	19	0
2502	2503	19	0
2503	2504	22	0
2504	2505	21	0
2505	2506	21	0
2506	2507	21	0
2507	2508	21	0
2508	2509	21	0
2509	2510	21	0
2510	2511	21	0
2511	2512	21	0
2512	2513	21	0
2513	2514	21	0
2514	2515	21	0
2515	2516	21	0
2516	2517	21	0
2517	2518	21	0
2518	2519	21	0
2519	2520	21	0
2520	2521	24	0
2521	2522	23	0
2522	2523	23	0
2523	2524	23	0
2524	2525	23	0
2525	2526	23	0
2526	2527	23	0
2527	2528	23	0
2528	2529	23	0
2529	2530	23	0
2530	2531	23	0
2531	2532	23	0
2532	2533	2	0
2533	2534	1	0
2534	2535	1	0
2535	2536	8	0
2536	2537	5	0
2537	2538	5	0
2538	2539	5	0
2539	2540	5	0
2540	2541	5	0
2541	2542	5	0
2542	2543	5	0
2543	2544	5	0
2544	2545	5	0
2545	2546	18	0
2546	2547	17	0
2547	2548	17	0
2548	2549	17	0
2549	2550	17	0
2550	2551	17	0
2551	2552	17	0
2552	2553	17	0
2553	2554	17	0
2554	2555	17	0
2555	2556	17	0
2556	2557	17	0
2557	2558	20	0
2558	2559	19	0
2559	2560	19	0
2560	2561	19	0
2561	2562	19	0
2562	2563	19	0
2563	2564	19	0
2564	2565	19	0
2565	2566	19	0
2566	2567	19	0
2567	2568	19	0
2568	2569	19	0
2569	2570	22	0
2570	2571	21	0
2571	2572	21	0
2572	2573	21	0
2573	2574	21	0
2574	2575	21	0
2575	2576	21	0
2576	2577	21	0
2577	2578	21	0
2578	2579	21	0
2579	2580	21	0
2580	2581	21	0
2581	2582	24	0
2582	2583	23	0
2583	2584	23	0
2584	2585	23	0
2585	2586	23	0
2586	2587	23	0
2587	2588	23	0
2588	2589	23	0
2589	2590	23	0
2590	2591	23	0
2591	2592	23	0
2592	2593	23	0
2593	2594	2	0
2594	2595	1	0
2595	2596	7	0
2596	2597	5	0
2597	2598	5	0
2598	2599	5	0
2599	2600	5	0
2600	2601	5	0
2601	2602	5	0
2602	2603	5	0
2603	2604	14	0
2604	2605	15	0
2605	2606	15	0
2606	2607	15	0
2607	2608	15	0
2608	2609	15	0
2609	2610	15	0
2610	2611	15	0
2611	2612	15	0
2612	2613	15	0
2613	2614	15	0
2614	2615	15	0
2615	2616	15	0
2616	2617	11	0
2617	2618	10	0
2618	2619	10	0
2619	2620	10	0
2620	2621	10	0
2621	2622	10	0
2622	2623	10	0
2623	2624	16	0
2624	2625	15	0
2625	2626	15	0
2626	2627	15	0
2627	2628	18	0
2628	2629	17	0
2629	2630	17	0
2630	2631	17	0
2631	2632	17	0
2632	2633	17	0
2633	2634	17	0
2634	2635	17	0
2635	2636	17	0
2636	2637	17	0
2637	2638	17	0
2638	2639	17	0
2639	2640	17	0
2640	2641	17	0
2641	2642	17	0
2642	2643	17	0
2643	2644	17	0
2644	2645	17	0
2645	2646	17	0
2646	2647	17	0
2647	2648	17	0
2648	2649	17	0
2649	2650	17	0
2650	2651	17	0
2651	2652	17	0
2652	2653	17	0
2653	2654	17	0
2654	2655	17	0
2655	2656	17	0
2656	2657	17	0
2657	2658	17	0
2658	2659	17	0
2659	2660	17	0
2660	2661	17	0
2661	2662	17	0
2662	2663	17	0
2663	2664	17	0
2664	2665	17	0
2665	2666	17	0
2666	2667	17	0
2667
2668	2669	2	0
2669	2670	1	0
2670	2671	1	0
2671	2672	1	0
2672	2673	1	0
2673	2674	1	0
2674	2675	1	0
2675	2676	1	0
2676	2677	1	0
2677	2678	1	0
2678	2679	1	0
2679	2680	1	0
2680	2681	1	0
2681	2682	8	0
2682	2683	5	0
2683	2684	5	0
2684	2685	5	0
2685	2686	5	0
2686	2687	5	0
2687	2688	5	0
2688	2689	5	0
2689	2690	5	0
2690	2691	5	0
2691	2692	5	0
2692	2693	18	0
2693	2694	17	0
2694	2695	17	0
2695	2696	17	0
2696	2697	17	0
2697	2698	17	0
2698	2699	17	0
2699	2700	17	0
2700	2701	17	0
2701	2702	17	0
2702	2703	20	0
2703	2704	19	0
2704	2705	19	0
2705	2706	19	0
2706	2707	19	0
2707	2708	19	0
2708	2709	19	0
2709	2710	19	0
2710	2711	19	0
2711	2712	19	0
2712	2713	19	0
2713	2714	19	0
2714	2715	22	0
2715	2716	21	0
2716	2717	21	0
2717	2718	21	0
2718	2719	21	0
2719	2720	21	0
2720	2721	21	0
2721	2722	21	0
2722	2723	21	0
2723	2724	21	0
2724	2725	21	0
2725	2726	21	0
2726	2727	21	0
2727	2728	21	0
2728	2729	21	0
2729	2730	21	0
2730	2731	21	0
2731	2732	21	0
2732	2733	21	0
2733	2734	21	0
2734	2735	24	0
2735	2736	23	0
2736	2737	23	0
2737	2738	23	0
2738	2739	23	0
2739	2740	23	0
2740	2741	23	0
2741	2742	23	0
2742	2743	23	0
2743	2744	23	0
2744	2745	23	0
2745	2746	2	0
2746	2747	8	0
2747	2748	5	0
2748	2749	5	0
2749	2750	5	0
2750	2751	5	0
2751	2752	5	0
2752	2753	5	0
2753	2754	18	0
2754	2755	17	0
2755	2756	17	0
2756	2757	17	0
2757	2758	17	0
2758	2759	17	0
2759	2760	17	0
2760	2761	17	0
2761	2762	17	0
2762	2763	20	0
2763	2764	19	0
2764	2765	19	0
2765	2766	19	0
2766	2767	19	0
2767	2768	19	0
2768	2769	19	0
2769	2770	19	0
2770	2771	19	0
2771	2772	19	0
2772	2773	19	0
2773	2774	19	0
2774	2775	19	0
2775	2776	19	0
2776	2777	22	0
2777	2778	21	0
2778	2779	21	0
2779	2780	21	0
2780	2781	21	0
2781	2782	21	0
2782	2783	21	0
2783	2784	21	0
2784	2785	21	0
2785	2786	21	0
2786	2787	21	0
2787	2788	21	0
2788	2789	21	0
2789	2790	21	0
2790	2791	21	0
2791	2792	21	0
2792	2793	21	0
2793	2794	21	0
2794	2795	21	0
2795	2796	24	0
2796	2797	23	0
2797	2798	23	0
2798	2799	23	0
2799	2800	23	0
2800	2801	23	0
2801	2802	23	0
2802	2803	23	0
2803	2804	23	0
2804	2805	23	0
2805	2806	23	0
2806	2807	23	0
2807	2808	2	0
2808	2809	8	0
2809	2810	5	0
2810	2811	5	0
2811	2812	5	0
2812	2813	5	0
2813	2814	5	0
2814	2815	5	0
2815	2816	5	0
2816	2817	5	0
2817	2818	18	0
2818	2819	17	0
2819	2820	17	0
2820	2821	17	0
2821	2822	17	0
2822	2823	17	0
2823	2824	17	0
2824	2825	17	0
2825	2826	17	0
2826	2827	17	0
2827	2828	17	0
2828	2829	20	0
2829	2830	19	0
2830	2831	19	0
2831	2832	19	0
2832	2833	19	0
2833	2834	19	0
2834	2835	19	0
2835	2836	19	0
2836	2837	19	0
2837	2838	19	0
2838	2839	19	0
2839	2840	19	0
2840	2841	19	0
2841	2842	22	0
2842	2843	21	0
2843	2844	21	0
2844	2845	21	0
2845	2846	21	0
2846	2847	21	0
2847	2848	21	0
2848	2849	21	0
2849	2850	21	0
2850	2851	21	0
2851	2852	21	0
2852	2853	21	0
2853	2854	21	0
2854	2855	21	0
2855	2856	21	0
2856	2857	21	0
2857	2858	21	0
2858	2859	24	0
2859	2860	23	0
2860	2861	23	0
2861	2862	23	0
2862	2863	23	0
2863	2864	23	0
2864	2865	23	0
2865	2866	23	0
2866	2867	23	0
2867	2868	23	0
2868	2869	23	0
2869	2870	23	0
2870	2871	2	0
2871	2872	1	0
2872	2873	1	0
2873	2874	8	0
2874	2875	5	0
2875	2876	5	0
2876	2877	5	0
2877	2878	5	0
2878	2879	5	0
2879	2880	5	0
2880	2881	5	0
2881	2882	5	0
2882	2883	5	0
2883	2884	18	0
2884	2885	17	0
2885	2886	17	0
2886	2887	17	0
2887	2888	17	0
2888	2889	17	0
2889	2890	17	0
2890	2891	17	0
2891	2892	17	0
2892	2893	17	0
2893	2894	17	0
2894	2895	17	0
2895	2896	20	0
2896	2897	19	0
2897	2898	19	0
2898	2899	19	0
2899	2900	19	0
2900	2901	19	0
2901	2902	19	0
2902	2903	19	0
2903	2904	19	0
2904	2905	19	0
2905	2906	19	0
2906	2907	19	0
2907	2908	22	0
2908	2909	21	0
2909	2910	21	0
2910	2911	21	0
2911	2912	21	0
2912	2913	21	0
2913	2914	21	0
2914	2915	21	0
2915	2916	21	0
2916	2917	21	0
2917	2918	21	0
2918	2919	21	0
2919	2920	24	0
2920	2921	23	0
2921	2922	23	0
2922	2923	23	0
2923	2924	23	0
2924	2925	23	0
2925	2926	23	0
2926	2927	23	0
2927	2928	23	0
2928	2929	23	0
2929	2930	23	0
2930	2931	23	0
2931	2932	23	0
2932	2933	26	0
2933	2934	28	0
2934	2935	30	0
2935	2936	2	0
2936	2937	7	0
2937	2938	5	0
2938	2939	5	0
2939	2940	5	0
2940	2941	5	0
2941	2942	14	0
2942	2943	15	0
2943	2944	15	0
2944	2945	15	0
2945	2946	15	0
2946	2947	15	0
2947	2948	15	0
2948	2949	15	0
2949	2950	15	0
2950	2951	15	0
2951	2952	15	0
2952	2953	15	0
2953	2954	15	0
2954	2955	11	0
2955	2956	10	0
2956	2957	10	0
2957	2958	10	0
2958	2959	10	0
2959	2960	10	0
2960	2961	10	0
2961	2962	16	0
2962	2963	15	0
2963	2964	15	0
2964	2965	15	0
2965	2966	18	0
2966	2967	17	0
2967	2968	17	0
2968	2969	17	0
2969	2970	17	0
2970	2971	17	0
2971	2972	17	0
2972	2973	17	0
2973	2974	17	0
2974	2975	17	0
2975	2976	17	0
2976	2977	17	0
2977	2978	17	0
2978	2979	17	0
2979	2980	17	0
2980	2981	17	0
2981	2982	17	0
2982	2983	17	0
2983	2984	17	0
2984	2985	17	0
2985	2986	17	0
2986	2987	17	0
2987	2988	17	0
2988	2989	17	0
2989	2990	17	0
2990	2991	17	0
2991	2992	17	0
2992	2993	17	0
2993	2994	17	0
2994	2995	17	0
2995	2996	17	0
2996	2997	17	0
2997	2998	17	0
2998	2999	17	0
2999	3000	17	0
3000	3001	17	0
3001	3002	17	0
3002	3003	17	0
3003	3004	17	0
3004	3005	17	0
3005
3006	3007	2	0
3007	3008	1	0
3008	3009	1	0
3009	3010	1	0
3010	3011	1	0
3011	3012	1	0
3012	3013	1	0
3013	3014	1	0
3014	3015	1	0
3015	3016	1	0
3016	3017	1	0
3017	3018	1	0
3018	3019	1	0
3019	3020	8	0
3020	3021	5	0
3021	3022	5	0
3022	3023	5	0
3023	3024	5	0
3024	3025	5	0
3025	3026	5	0
3026	3027	5	0
3027	3028	5	0
3028	3029	5	0
3029	3030	5	0
3030	3031	18	0
3031	3032	17	0
3032	3033	17	0
3033	3034	17	0
3034	3035	17	0
3035	3036	17	0
3036	3037	17	0
3037	3038	17	0
3038	3039	17	0
3039	3040	17	0
3040	3041	20	0
3041	3042	19	0
3042	3043	19	0
3043	3044	19	0
3044	3045	19	0
3045	3046	19	0
3046	3047	19	0
3047	3048	19	0
3048	3049	19	0
3049	3050	19	0
3050	3051	19	0
3051	3052	19	0
3052	3053	22	0
3053	3054	21	0
3054	3055	21	0
3055	3056	21	0
3056	3057	21	0
3057	3058	21	0
3058	3059	21	0
3059	3060	21	0
3060	3061	21	0
3061	3062	21	0
3062	3063	21	0
3063	3064	21	0
3064	3065	21	0
3065	3066	21	0
3066	3067	21	0
3067	3068	21	0
3068	3069	21	0
3069	3070	21	0
3070	3071	21	0
3071	3072	21	0
3072	3073	24	0
3073	3074	23	0
3074	3075	23	0
3075	3076	23	0
3076	3077	23	0
3077	3078	23	0
3078	3079	23	0
3079	3080	23	0
3080	3081	23	0
3081	3082	23	0
3082	3083	23	0
3083	3084	2	0
3084	3085	8	0
3085	3086	5	0
3086	3087	5	0
3087	3088	5	0
3088	3089	5	0
3089	3090	5	0
3090	3091	5	0
3091	3092	18	0
3092	3093	17	0
3093	3094	17	0
3094	3095	17	0
3095	3096	17	0
3096	3097	17	0
3097	3098	17	0
3098	3099	17	0
3099	3100	17	0
3100	3101	20	0
3101	3102	19	0
3102	3103	19	0
3103	3104	19	0
3104	3105	19	0
3105	3106	19	0
3106	3107	19	0
3107	3108	19	0
3108	3109	19	0
3109	3110	19	0
3110	3111	19	0
3111	3112	19	0
3112	3113	19	0
3113	3114	19	0
3114	3115	22	0
3115	3116	21	0
3116	3117	21	0
3117	3118	21	0
3118	3119	21	0
3119	3120	21	0
3120	3121	21	0
3121	3122	21	0
3122	3123	21	0
3123	3124	21	0
3124	3125	21	0
3125	3126	21	0
3126	3127	21	0
3127	3128	21	0
3128	3129	21	0
3129	3130	21	0
3130	3131	21	0
3131	3132	21	0
3132	3133	21	0
3133	3134	24	0
3134	3135	23	0
3135	3136	23	0
3136	3137	23	0
3137	3138	23	0
3138	3139	23	0
3139	3140	23	0
3140	3141	23	0
3141	3142	23	0
3142	3143	23	0
3143	3144	23	0
3144	3145	23	0
3145	3146	2	0
3146	3147	8	0
3147	3148	5	0
3148	3149	5	0
3149	3150	5	0
3150	3151	5	0
3151	3152	5	0
3152	3153	5	0
3153	3154	5	0
3154	3155	5	0
3155	3156	18	0
3156	3157	17	0
3157	3158	17	0
3158	3159	17	0
3159	3160	17	0
3160	3161	17	0
3161	3162	17	0
3162	3163	17	0
3163	3164	17	0
3164	3165	17	0
3165	3166	17	0
3166	3167	20	0
3167	3168	19	0
3168	3169	19	0
3169	3170	19	0
3170	3171	19	0
3171	3172	19	0
3172	3173	19	0
3173	3174	19	0
3174	3175	19	0
3175	3176	19	0
3176	3177	19	0
3177	3178	19	0
3178	3179	19	0
3179	3180	22	0
3180	3181	21	0
3181	3182	21	0
3182	3183	21	0
3183	3184	21	0
3184	3185	21	0
3185	3186	21	0
3186	3187	21	0
3187	3188	21	0
3188	3189	21	0
3189	3190	21	0
3190	3191	21	0
3191	3192	21	0
3192	3193	21	0
3193	3194	21	0
3194	3195	21	0
3195	3196	21	0
3196	3197	24	0
3197	3198	23	0
3198	3199	23	0
3199	3200	23	0
3200	3201	23	0
3201	3202	23	0
3202	3203	23	0
3203	3204	23	0
3204	3205	23	0
3205	3206	23	0
3206	3207	23	0
3207	3208	26	0
3208	3209	28	0
3209	3210	30	0
3210	3211	2	0
3211	3212	8	0
3212	3213	5	0
3213	3214	5	0
3214	3215	5	0
3215	3216	5	0
3216	3217	5	0
3217	3218	5	0
3218	3219	5	0
3219	3220	5	0
3220	3221	5	0
3221	3222	18	0
3222	3223	17	0
3223	3224	17	0
3224	3225	17	0
3225	3226	17	0
3226	3227	17	0
3227	3228	17	0
3228	3229	17	0
3229	3230	17	0
3230	3231	17	0
3231	3232	17	0
3232	3233	17	0
3233	3234	20	0
3234	3235	19	0
3235	3236	19	0
3236	3237	19	0
3237	3238	19	0
3238	3239	19	0
3239	3240	19	0
3240	3241	19	0
3241	3242	19	0
3242	3243	19	0
3243	3244	19	0
3244	3245	19	0
3245	3246	22	0
3246	3247	21	0
3247	3248	21	0
3248	3249	21	0
3249	3250	21	0
3250	3251	21	0
3251	3252	21	0
3252	3253	21	0
3253	3254	21	0
3254	3255	21	0
3255	3256	21	0
3256	3257	21	0
3257	3258	24	0
3258	3259	23	0
3259	3260	23	0
3260	3261	23	0
3261	3262	23	0
3262	3263	23	0
3263	3264	23	0
3264	3265	23	0
3265	3266	23	0
3266	3267	23	0
3267	3268	23	0
3268	3269	23	0
3269	3270	2	0
3270	3271	1	0
3271	3272	7	0
3272	3273	5	0
3273	3274	5	0
3274	3275	5	0
3275	3276	5	0
3276	3277	5	0
3277	3278	5	0
3278	3279	5	0
3279	3280	14	0
3280	3281	15	0
3281	3282	15	0
3282	3283	15	0
3283	3284	15	0
3284	3285	15	0
3285	3286	15	0
3286	3287	15	0
3287	3288	15	0
3288	3289	15	0
3289	3290	15	0
3290	3291	15	0
3291	3292	15	0
3292	3293	11	0
3293	3294	10	0
3294	3295	10	0
3295	3296	10	0
3296	3297	10	0
3297	3298	10	0
3298	3299	10	0
3299	3300	16	0
3300	3301	15	0
3301	3302	15	0
3302	3303	15	0
3303	3304	18	0
3304	3305	17	0
3305	3306	17	0
3306	3307	17	0
3307	3308	17	0
3308	3309	17	0
3309	3310	17	0
3310	3311	17	0
3311	3312	17	0
3312	3313	17	0
3313	3314	17	0
3314	3315	17	0
3315	3316	17	0
3316	3317	17	0
3317	3318	17	0
3318	3319	17	0
3319	3320	17	0
3320	3321	17	0
3321	3322	17	0
3322	3323	17	0
3323	3324	17	0
3324	3325	17	0
3325	3326	17	0
3326	3327	17	0
3327	3328	17	0
3328	3329	17	0
3329	3330	17	0
3330	3331	17	0
3331	3332	17	0
3332	3333	17	0
3333	3334	17	0
3334	3335	17	0
3335	3336	17	0
3336	3337	17	0
3337	3338	17	0
3338	3339	17	0
3339	3340	17	0
3340	3341	17	0
3341	3342	17	0
3342	3343	17	0
3343
3344	3345	23	0
3345	24	23	0
3346	3347	28	0
3347	3348	30	0
3348	3349	2	0
3349	3350	8	0
3350	3351	5	0
3351	3352	5	0
3352	3353	5	0
3353	3354	5	0
3354	3355	5	0
3355	3356	5	0
3356	3357	18	0
3357	3358	17	0
3358	3359	17	0
3359	3360	17	0
3360	3361	17	0
3361	3362	17	0
3362	3363	17	0
3363	3364	17	0
3364	3365	17	0
3365	3366	20	0
3366	3367	19	0
3367	3368	19	0
3368	3369	19	0
3369	3370	19	0
3370	3371	19	0
3371	3372	19	0
3372	3373	19	0
3373	3374	19	0
3374	3375	19	0
3375	3376	19	0
3376	3377	19	0
3377	3378	19	0
3378	3379	19	0
3379	3380	22	0
3380	3381	21	0
3381	3382	21	0
3382	3383	21	0
3383	3384	21	0
3384	3385	21	0
3385	3386	21	0
3386	3387	21	0
3387	3388	21	0
3388	3389	21	0
3389	3390	21	0
3390	3391	21	0
3391	3392	21	0
3392	3393	21	0
3393	3394	21	0
3394	3395	21	0
3395	3396	21	0
3396	3397	21	0
3397	3398	21	0
3398	3399	24	0
3399	3400	23	0
3400	3401	23	0
3401	3402	23	0
3402	3403	23	0
3403	3404	23	0
3404	3405	23	0
3405	3406	23	0
3406	3407	23	0
3407	3408	23	0
3408	3409	23	0
3409	3410	23	0
3410	3411	2	0
3411	3412	8	0
3412	3413	5	0
3413	3414	5	0
3414	3415	5	0
3415	3416	5	0
3416	3417	5	0
3417	3418	5	0
3418	3419	5	0
3419	3420	5	0
3420	3421	18	0
3421	3422	17	0
3422	3423	17	0
3423	3424	17	0
3424	3425	17	0
3425	3426	17	0
3426	3427	17	0
3427	3428	17	0
3428	3429	17	0
3429	3430	17	0
3430	3431	17	0
3431	3432	20	0
3432	3433	19	0
3433	3434	19	0
3434	3435	19	0
3435	3436	19	0
3436	3437	19	0
3437	3438	19	0
3438	3439	19	0
3439	3440	19	0
3440	3441	19	0
3441	3442	19	0
3442	3443	19	0
3443	3444	19	0
3444	3445	22	0
3445	3446	21	0
3446	3447	21	0
3447	3448	21	0
3448	3449	21	0
3449	3450	21	0
3450	3451	21	0
3451	3452	21	0
3452	3453	21	0
3453	3454	21	0
3454	3455	21	0
3455	3456	21	0
3456	3457	21	0
3457	3458	21	0
3458	3459	21	0
3459	3460	21	0
3460	3461	21	0
3461	3462	24	0
3462	3463	23	0
3463	3464	23	0
3464	3465	23	0
3465	3466	23	0
3466	3467	23	0
3467	3468	23	0
3468	3469	23	0
3469	3470	23	0
3470	3471	23	0
3471	3472	23	0
3472	3473	23	0
3473	3474	2	0
3474	3475	1	0
3475	3476	1	0
3476	3477	8	0
3477	3478	5	0
3478	3479	5	0
3479	3480	5	0
3480	3481	5	0
3481	3482	5	0
3482	3483	5	0
3483	3484	5	0
3484	3485	5	0
3485	3486	5	0
3486	3487	18	0
3487	3488	17	0
3488	3489	17	0
3489	3490	17	0
3490	3491	17	0
3491	3492	17	0
3492	3493	17	0
3493	3494	17	0
3494	3495	17	0
3495	3496	17	0
3496	3497	17	0
3497	3498	17	0
3498	3499	20	0
3499	3500	19	0
3500	3501	19	0
3501	3502	19	0
3502	3503	19	0
3503	3504	19	0
3504	3505	19	0
3505	3506	19	0
3506	3507	19	0
3507	3508	19	0
3508	3509	19	0
3509	3510	19	0
3510	3511	22	0
3511	3512	21	0
3512	3513	21	0
3513	3514	21	0
3514	3515	21	0
3515	3516	21	0
3516	3517	21	0
3517	3518	21	0
3518	3519	21	0
3519	3520	21	0
3520	3521	21	0
3521	3522	21	0
3522	3523	24	0
3523	3524	23	0
3524	3525	23	0
3525	3526	23	0
3526	3527	23	0
3527	3528	23	0
3528	3529	23	0
3529	3530	23	0
3530	3531	23	0
3531	3532	23	0
3532	3533	23	0
3533	3534	23	0
3534	3535	2	0
3535	3536	1	0
3536	3537	7	0
3537	3538	5	0
3538	3539	5	0
3539	3540	5	0
3540	3541	5	0
3541	3542	5	0
3542	3543	5	0
3543	3544	5	0
3544	3545	14	0
3545	3546	15	0
3546	3547	15	0
3547	3548	15	0
3548	3549	15	0
3549	3550	15	0
3550	3551	15	0
3551	3552	15	0
3552	3553	15	0
3553	3554	15	0
3554	3555	15	0
3555	3556	15	0
3556	3557	15	0
3557	3558	11	0
3558	3559	10	0
3559	3560	10	0
3560	3561	10	0
3561	3562	10	0
3562	3563	10	0
3563	3564	10	0
3564	3565	16	0
3565	3566	15	0
3566	3567	15	0
3567	3568	15	0
3568	3569	18	0
3569	3570	17	0
3570	3571	17	0
3571	3572	17	0
3572	3573	17	0
3573	3574	17	0
3574	3575	17	0
3575	3576	17	0
3576	3577	17	0
3577	3578	17	0
3578	3579	17	0
3579	3580	17	0
3580	3581	17	0
3581	3582	17	0
3582	3583	17	0
3583	3584	17	0
3584	3585	17	0
3585	3586	17	0
3586	3587	17	0
3587	3588	17	0
3588	3589	17	0
3589	3590	17	0
3590	3591	17	0
3591	3592	17	0
3592	3593	17	0
3593	3594	17	0
3594	3595	17	0
3595	3596	17	0
3596	3597	17	0
3597	3598	17	0
3598	3599	17	0
3599	3600	17	0
3600	3601	17	0
3601	3602	17	0
3602	3603	17	0
3603	3604	17	0
3604	3605	17	0
3605	3606	17	0
3606	3607	17	0
3607	3608	17	0
3608
3609	3610	1	0
3610	3611	1	0
3611	3612	8	0
3612	3613	5	0
3613	3614	5	0
3614	3615	5	0
3615	3616	5	0
3616	3617	5	0
3617	3618	18	0
3618	3619	26	0
3619	3620	28	0
3620	3621	27	0
3621	3622	27	0
3622	3623	27	0
3623	3624	27	0
3624	3625	27	0
3625	3626	27	0
3626	3627	27	0
3627	3628	27	0
3628	3629	27	0
3629	3630	27	0
3630	3631	27	0
3631	3632	27	0
3632	3633	27	0
3633	3634	27	0
3634	3635	30	0
3635	3636	29	0
3636	3637	29	0
3637	3638	29	0
3638	3639	29	0
3639	3640	29	0
3640	3641	29	0
3641	3642	29	0
3642	3643	29	0
3643	3644	29	0
3644	3645	29	0
3645	3646	29	0
3646	3647	29	0
3647	3648	29	0
3648	3649	29	0
3649	3650	29	0
3650	3651	29	0
3651	3652	29	0
3652	3653	29	0
3653	3654	2	0
3654	3655	1	0
3655	3656	1	0
3656	3657	1	0
3657	3658	1	0
3658	3659	1	0
3659	3660	1	0
3660	3661	1	0
3661	3662	1	0
3662	3663	1	0
3663	3664	1	0
3664	3665	1	0
3665	3666	1	0
3666	3667	1	0
3667	3668	1	0
3668	3669	8	0
3669	3670	5	0
3670	3671	5	0
3671	3672	5	0
3672	3673	5	0
3673	3674	5	0
3674	3675	5	0
3675	3676	5	0
3676	3677	5	0
3677	3678	5	0
3678	3679	18	0
3679	3680	26	0
3680	3681	28	0
3681	3682	27	0
3682	3683	27	0
3683	3684	27	0
3684	3685	27	0
3685	3686	27	0
3686	3687	27	0
3687	3688	27	0
3688	3689	27	0
3689	3690	27	0
3690	3691	27	0
3691	3692	27	0
3692	3693	27	0
3693	3694	27	0
3694	3695	27	0
3695	3696	30	0
3696	3697	29	0
3697	3698	29	0
3698	3699	29	0
3699	3700	29	0
3700	3701	29	0
3701	3702	29	0
3702	3703	29	0
3703	3704	29	0
3704	3705	29	0
3705	3706	29	0
3706	3707	29	0
3707	3708	29	0
3708	3709	29	0
3709	3710	29	0
3710	3711	29	0
3711	3712	29	0
3712	3713	29	0
3713	3714	29	0
3714	3715	29	0
3715	3716	20	0
3716	3717	22	0
3717	3718	24	0
3718	3719	2	0
3719	3720	1	0
3720	3721	1	0
3721	3722	1	0
3722	3723	1	0
3723	3724	1	0
3724	3725	1	0
3725	3726	1	0
3726	3727	1	0
3727	3728	8	0
3728	3729	5	0
3729	3730	5	0
3730	3731	5	0
3731	3732	5	0
3732	3733	5	0
3733	3734	5	0
3734	3735	5	0
3735	3736	5	0
3736	3737	5	0
3737	3738	18	0
3738	3739	26	0
3739	3740	28	0
3740	3741	27	0
3741	3742	27	0
3742	3743	27	0
3743	3744	27	0
3744	3745	27	0
3745	3746	27	0
3746	3747	27	0
3747	3748	27	0
3748	3749	27	0
3749	3750	27	0
3750	3751	27	0
3751	3752	27	0
3752	3753	27	0
3753	3754	27	0
3754	3755	27	0
3755	3756	30	0
3756	3757	29	0
3757	3758	29	0
3758	3759	29	0
3759	3760	29	0
3760	3761	29	0
3761	3762	29	0
3762	3763	29	0
3763	3764	29	0
3764	3765	29	0
3765	3766	29	0
3766	3767	29	0
3767	3768	29	0
3768	3769	29	0
3769	3770	29	0
3770	3771	29	0
3771	3772	29	0
3772	3773	29	0
3773	3774	29	0
3774	3775	29	0
3775	3776	2	0
3776	3777	1	0
3777	3778	1	0
3778	3779	1	0
3779	3780	1	0
3780	3781	1	0
3781	3782	1	0
3782	3783	1	0
3783	3784	1	0
3784	3785	1	0
3785	3786	1	0
3786	3787	1	0
3787	3788	1	0
3788	3789	8	0
3789	3790	5	0
3790	3791	5	0
3791	3792	5	0
3792	3793	5	0
3793	3794	5	0
3794	3795	5	0
3795	3796	5	0
3796	3797	5	0
3797	3798	5	0
3798	3799	5	0
3799	3800	18	0
3800	3801	17	0
3801	3802	17	0
3802	3803	17	0
3803	3804	17	0
3804	3805	17	0
3805	3806	17	0
3806	3807	17	0
3807	3808	17	0
3808	3809	17	0
3809	3810	20	0
3810	3811	19	0
3811	3812	19	0
3812	3813	19	0
3813	3814	19	0
3814	3815	19	0
3815	3816	19	0
3816	3817	19	0
3817	27	19	0
3818	3819	19	0
3819	3820	19	0
3820	3821	22	0
3821	3822	21	0
3822	3823	21	0
3823	3824	21	0
3824	3825	21	0
3825	3826	21	0
3826	3827	21	0
3827	3828	21	0
3828	3829	21	0
3829	3830	21	0
3830	3831	21	0
3831	3832	21	0
3832	3833	21	0
3833	3834	21	0
3834	3835	21	0
3835	3836	21	0
3836	3837	21	0
3837	3838	21	0
3838	3839	21	0
3839	3840	21	0
3840	3841	24	0
3841	3842	23	0
3842	3843	23	0
3843	3844	23	0
3844	28	23	0
3845	3846	23	0
3846	3847	23	0
3847	3848	23	0
3848	3849	23	0
3849	3850	23	0
3850	3851	2	0
3851	3852	8	0
3852	3853	5	0
3853	3854	5	0
3854	3855	5	0
3855	3856	5	0
3856	3857	5	0
3857	3858	5	0
3858	3859	18	0
3859	3860	17	0
3860	3861	17	0
3861	3862	17	0
3862	3863	17	0
3863	3864	17	0
3864	3865	17	0
3865	3866	17	0
3866	3867	17	0
3867	3868	20	0
3868	3869	19	0
3869	3870	19	0
3870	3871	19	0
3871	3872	19	0
3872	3873	19	0
3873	3874	19	0
3874	3875	19	0
3875	3876	19	0
3876	3877	19	0
3877	3878	19	0
3878	3879	19	0
3879	3880	19	0
3880	3881	19	0
3881	3882	22	0
3882	3883	21	0
3883	3884	21	0
3884	3885	21	0
3885	3886	21	0
3886	3887	21	0
3887	3888	21	0
3888	3889	21	0
3889	3890	21	0
3890	3891	21	0
3891	3892	21	0
3892	3893	21	0
3893	3894	21	0
3894	3895	21	0
3895	3896	21	0
3896	3897	21	0
3897	3898	21	0
3898	3899	21	0
3899	3900	21	0
3900	3901	24	0
3901	3902	23	0
3902	3903	23	0
3903	3904	23	0
3904	3905	23	0
3905	3906	23	0
3906	3907	23	0
3907	3908	23	0
3908	3909	23	0
3909	3910	23	0
3910	3911	23	0
3911	3912	23	0
3912	3913	2	0
3913	3914	8	0
3914	3915	5	0
3915	3916	5	0
3916	3917	5	0
3917	3918	5	0
3918	3919	5	0
3919	3920	5	0
3920	3921	5	0
3921	3922	5	0
3922	3923	18	0
3923	3924	17	0
3924	3925	17	0
3925	3926	17	0
3926	3927	17	0
3927	3928	17	0
3928	3929	17	0
3929	3930	17	0
3930	3931	17	0
3931	3932	17	0
3932	3933	17	0
3933	3934	20	0
3934	3935	19	0
3935	3936	19	0
3936	3937	19	0
3937	3938	19	0
3938	3939	19	0
3939	3940	19	0
3940	3941	19	0
3941	3942	19	0
3942	3943	19	0
3943	3944	19	0
3944	3945	19	0
3945	3946	19	0
3946	3947	22	0
3947	3948	21	0
3948	3949	21	0
3949	3950	21	0
3950	3951	21	0
3951	3952	21	0
3952	3953	21	0
3953	3954	21	0
3954	3955	21	0
3955	3956	21	0
3956	3957	21	0
3957	3958	21	0
3958	3959	21	0
3959	3960	21	0
3960	3961	21	0
3961	3962	21	0
3962	3963	21	0
3963	3964	24	0
3964	3965	23	0
3965	3966	23	0
3966	3967	23	0
3967	3968	23	0
3968	3969	23	0
3969	3970	23	0
3970	3971	23	0
3971	3972	23	0
3972	3973	23	0
3973	3974	23	0
3974	3975	23	0
3975	3976	2	0
3976	3977	1	0
3977	3978	1	0
3978	3979	8	0
3979	3980	5	0
3980	3981	5	0
3981	3982	5	0
3982	3983	5	0
3983	3984	5	0
3984	3985	5	0
3985	3986	5	0
3986	3987	5	0
3987	3988	5	0
3988	3989	18	0
3989	3990	17	0
3990	3991	17	0
3991	3992	17	0
3992	3993	17	0
3993	3994	17	0
3994	3995	17	0
3995	3996	17	0
3996	3997	17	0
3997	3998	17	0
3998	3999	17	0
3999	4000	17	0
4000	4001	20	0
4001	4002	19	0
4002	4003	19	0
4003	4004	19	0
4004	4005	19	0
4005	4006	19	0
4006	4007	19	0
4007	4008	19	0
4008	4009	19	0
4009	4010	19	0
4010	4011	19	0
4011	4012	19	0
4012	4013	22	0
4013	4014	21	0
4014	4015	21	0
4015	4016	21	0
4016	4017	21	0
4017	4018	21	0
4018	4019	21	0
4019	4020	21	0
4020	4021	21	0
4021	4022	21	0
4022	4023	21	0
4023	4024	21	0
4024	4025	24	0
4025	4026	23	0
4026	4027	23	0
4027	4028	23	0
4028	4029	23	0
4029	4030	23	0
4030	4031	23	0
4031	4032	23	0
4032	4033	23	0
4033	4034	23	0
4034	4035	23	0
4035	4036	23	0
4036	4037	2	0
4037	4038	1	0
4038	4039	7	0
4039	4040	5	0
4040	4041	5	0
4041	4042	5	0
4042	4043	5	0
4043	4044	5	0
4044	4045	5	0
4045	4046	5	0
4046	4047	14	0
4047	4048	15	0
4048	4049	15	0
4049	4050	15	0
4050	4051	15	0
4051	4052	15	0
4052	4053	15	0
4053	4054	15	0
4054	4055	15	0
4055	4056	15	0
4056	4057	15	0
4057	4058	15	0
4058	4059	15	0
4059	4060	11	0
4060	4061	10	0
4061	4062	10	0
4062	4063	10	0
4063	4064	10	0
4064	4065	10	0
4065	4066	10	0
4066	4067	16	0
4067	4068	15	0
4068	4069	15	0
4069	4070	15	0
4070	4071	18	0
4071	4072	17	0
4072	4073	17	0
4073	4074	17	0
4074	4075	17	0
4075	4076	17	0
4076	4077	17	0
4077	4078	17	0
4078	4079	17	0
4079	4080	17	0
4080	4081	17	0
4081	4082	17	0
4082	4083	17	0
4083	4084	17	0
4084	4085	17	0
4085	4086	17	0
4086	4087	17	0
4087	4088	17	0
4088	4089	17	0
4089	4090	17	0
4090	4091	17	0
4091	4092	17	0
4092	4093	17	0
4093	4094	17	0
4094	4095	17	0
4095	4096	17	0
4096	4097	17	0
4097	4098	17	0
4098	4099	17	0
4099	4100	17	0
4100	4101	17	0
4101	4102	17	0
4102	4103	17	0
4103	4104	17	0
4104	4105	17	0
4105	4106	17	0
4106	4107	17	0
4107	4108	17	0
4108	4109	17	0
4109	4110	17	0
4110
4111	4112	20	0
4112	4113	22	0
4113	4114	24	0
4114	4115	2	0
4115	4116	1	0
4116	4117	1	0
4117	4118	1	0
4118	4119	1	0
4119	4120	1	0
4120	4121	1	0
4121	4122	1	0
4122	4123	1	0
4123	4124	1	0
4124	4125	1	0
4125	4126	8	0
4126	4127	5	0
4127	4128	5	0
4128	4129	5	0
4129	4130	5	0
4130	4131	5	0
4131	4132	5	0
4132	4133	5	0
4133	4134	5	0
4134	4135	5	0
4135	4136	18	0
4136	4137	26	0
4137	4138	28	0
4138	4139	27	0
4139	4140	27	0
4140	4141	27	0
4141	4142	27	0
4142	4143	27	0
4143	4144	27	0
4144	4145	27	0
4145	4146	27	0
4146	4147	27	0
4147	4148	27	0
4148	4149	27	0
4149	4150	27	0
4150	4151	27	0
4151	4152	27	0
4152	4153	30	0
4153	4154	29	0
4154	4155	29	0
4155	4156	29	0
4156	4157	29	0
4157	4158	29	0
4158	4159	29	0
4159	4160	29	0
4160	4161	29	0
4161	4162	29	0
4162	4163	29	0
4163	4164	29	0
4164	4165	29	0
4165	4166	29	0
4166	4167	29	0
4167	4168	29	0
4168	4169	29	0
4169	4170	29	0
4170	4171	29	0
4171	4172	2	0
4172	4173	1	0
4173	4174	1	0
4174	4175	1	0
4175	4176	1	0
4176	4177	1	0
4177	4178	1	0
4178	4179	1	0
4179	4180	1	0
4180	4181	1	0
4181	4182	1	0
4182	4183	1	0
4183	4184	1	0
4184	4185	8	0
4185	4186	5	0
4186	4187	5	0
4187	4188	5	0
4188	4189	5	0
4189	4190	5	0
4190	4191	5	0
4191	4192	5	0
4192	4193	5	0
4193	4194	5	0
4194	4195	18	0
4195	4196	26	0
4196	4197	28	0
4197	4198	27	0
4198	4199	27	0
4199	4200	27	0
4200	4201	27	0
4201	4202	27	0
4202	4203	27	0
4203	4204	27	0
4204	4205	27	0
4205	4206	27	0
4206	4207	27	0
4207	4208	27	0
4208	4209	27	0
4209	4210	27	0
4210	4211	27	0
4211	4212	27	0
4212	4213	30	0
4213	4214	29	0
4214	4215	29	0
4215	4216	29	0
4216	4217	29	0
4217	4218	29	0
4218	4219	29	0
4219	4220	29	0
4220	4221	29	0
4221	4222	29	0
4222	4223	29	0
4223	4224	29	0
4224	4225	29	0
4225	4226	29	0
4226	4227	29	0
4227	4228	29	0
4228	4229	29	0
4229	4230	29	0
4230	4231	29	0
4231	4232	29	0
4232	4233	2	0
4233	4234	1	0
4234	4235	1	0
4235	4236	1	0
4236	4237	1	0
4237	4238	1	0
4238	4239	1	0
4239	4240	1	0
4240	4241	1	0
4241	4242	1	0
4242	4243	1	0
4243	4244	1	0
4244	4245	1	0
4245	4246	8	0
4246	4247	5	0
4247	4248	5	0
4248	4249	5	0
4249	4250	5	0
4250	4251	5	0
4251	4252	5	0
4252	4253	5	0
4253	4254	5	0
4254	4255	5	0
4255	4256	5	0
4256	4257	18	0
4257	4258	17	0
4258	4259	17	0
4259	4260	17	0
4260	4261	17	0
4261	4262	17	0
4262	4263	17	0
4263	4264	17	0
4264	4265	17	0
4265	4266	17	0
4266	4267	20	0
4267	4268	19	0
4268	4269	19	0
4269	4270	19	0
4270	4271	19	0
4271	4272	19	0
4272	4273	19	0
4273	4274	19	0
4274	27	19	0
4275	4276	23	0
4276	4277	23	0
4277	4278	23	0
4278	4279	23	0
4279	4280	23	0
4280	4281	2	0
4281	4282	8	0
4282	4283	5	0
4283	4284	5	0
4284	4285	5	0
4285	4286	5	0
4286	4287	5	0
4287	4288	5	0
4288	4289	18	0
4289	4290	17	0
4290	4291	17	0
4291	4292	17	0
4292	4293	17	0
4293	4294	17	0
4294	4295	17	0
4295	4296	17	0
4296	4297	17	0
4297	4298	20	0
4298	4299	19	0
4299	4300	19	0
4300	4301	19	0
4301	4302	19	0
4302	4303	19	0
4303	4304	19	0
4304	4305	19	0
4305	4306	19	0
4306	4307	19	0
4307	4308	19	0
4308	4309	19	0
4309	4310	19	0
4310	4311	19	0
4311	4312	22	0
4312	4313	21	0
4313	4314	21	0
4314	4315	21	0
4315	4316	21	0
4316	4317	21	0
4317	4318	21	0
4318	4319	21	0
4319	4320	21	0
4320	4321	21	0
4321	4322	21	0
4322	4323	21	0
4323	4324	21	0
4324	4325	21	0
4325	4326	21	0
4326	4327	21	0
4327	4328	21	0
4328	4329	21	0
4329	4330	21	0
4330	4331	24	0
4331	4332	23	0
4332	4333	23	0
4333	4334	23	0
4334	4335	23	0
4335	4336	23	0
4336	4337	23	0
4337	4338	23	0
4338	4339	23	0
4339	4340	23	0
4340	4341	23	0
4341	4342	23	0
4342	4343	2	0
4343	4344	8	0
4344	4345	5	0
4345	4346	5	0
4346	4347	5	0
4347	4348	5	0
4348	4349	5	0
4349	4350	5	0
4350	4351	5	0
4351	4352	5	0
4352	4353	18	0
4353	4354	17	0
4354	4355	17	0
4355	4356	17	0
4356	4357	17	0
4357	4358	17	0
4358	4359	17	0
4359	4360	17	0
4360	4361	17	0
4361	4362	17	0
4362	4363	17	0
4363	4364	20	0
4364	4365	19	0
4365	4366	19	0
4366	4367	19	0
4367	4368	19	0
4368	4369	19	0
4369	4370	19	0
4370	4371	19	0
4371	4372	19	0
4372	4373	19	0
4373	4374	19	0
4374	4375	19	0
4375	4376	19	0
4376	4377	22	0
4377	4378	21	0
4378	4379	21	0
4379	4380	21	0
4380	4381	21	0
4381	4382	21	0
4382	4383	21	0
4383	4384	21	0
4384	4385	21	0
4385	4386	21	0
4386	4387	21	0
4387	4388	21	0
4388	4389	21	0
4389	4390	21	0
4390	4391	21	0
4391	4392	21	0
4392	4393	21	0
4393	4394	24	0
4394	4395	23	0
4395	4396	23	0
4396	4397	23	0
4397	4398	23	0
4398	4399	23	0
4399	4400	23	0
4400	4401	23	0
4401	4402	23	0
4402	4403	23	0
4403	4404	23	0
4404	4405	23	0
4405	4406	2	0
4406	4407	1	0
4407	4408	1	0
4408	4409	8	0
4409	4410	5	0
4410	4411	5	0
4411	4412	5	0
4412	4413	5	0
4413	4414	5	0
4414	4415	5	0
4415	4416	5	0
4416	4417	5	0
4417	4418	5	0
4418	4419	18	0
4419	4420	17	0
4420	4421	17	0
4421	4422	17	0
4422	4423	17	0
4423	4424	17	0
4424	4425	17	0
4425	4426	17	0
4426	4427	17	0
4427	4428	17	0
4428	4429	17	0
4429	4430	17	0
4430	4431	20	0
4431	4432	19	0
4432	4433	19	0
4433	4434	19	0
4434	4435	19	0
4435	4436	19	0
4436	4437	19	0
4437	4438	19	0
4438	4439	19	0
4439	4440	19	0
4440	4441	19	0
4441	4442	19	0
4442	4443	22	0
4443	4444	21	0
4444	4445	21	0
4445	4446	21	0
4446	4447	21	0
4447	4448	21	0
4448	4449	21	0
4449	4450	21	0
4450	4451	21	0
4451	4452	21	0
4452	4453	21	0
4453	4454	21	0
4454	4455	24	0
4455	4456	23	0
4456	4457	23	0
4457	4458	23	0
4458	4459	23	0
4459	4460	23	0
4460	4461	23	0
4461	4462	20	0
4462	4463	22	0
4463	4464	24	0
4464	4465	23	0
4465	4466	23	0
4466	4467	2	0
4467	4468	1	0
4468	4469	7	0
4469	4470	5	0
4470	4471	5	0
4471	4472	5	0
4472	4473	5	0
4473	4474	5	0
4474	4475	5	0
4475	4476	5	0
4476	4477	14	0
4477	4478	15	0
4478	4479	15	0
4479	4480	15	0
4480	4481	15	0
4481	4482	15	0
4482	4483	15	0
4483	4484	15	0
4484	4485	15	0
4485	4486	15	0
4486	4487	15	0
4487	4488	15	0
4488	4489	15	0
4489	4490	11	0
4490	4491	10	0
4491	4492	10	0
4492	4493	10	0
4493	4494	10	0
4494	4495	10	0
4495	4496	10	0
4496	4497	16	0
4497	4498	15	0
4498	4499	15	0
4499	4500	15	0
4500	4501	18	0
4501	4502	17	0
4502	4503	17	0
4503	4504	17	0
4504	4505	17	0
4505	4506	17	0
4506	4507	17	0
4507	4508	17	0
4508	4509	17	0
4509	4510	17	0
4510	4511	17	0
4511	4512	17	0
4512	4513	17	0
4513	4514	17	0
4514	4515	17	0
4515	4516	17	0
4516	4517	17	0
4517	4518	17	0
4518	4519	17	0
4519	4520	17	0
4520	4521	17	0
4521	4522	17	0
4522	4523	17	0
4523	4524	17	0
4524	4525	17	0
4525	4526	17	0
4526	4527	17	0
4527	4528	17	0
4528	4529	17	0
4529	4530	17	0
4530	4531	17	0
4531	4532	17	0
4532	4533	17	0
4533	4534	17	0
4534	4535	17	0
4535	4536	17	0
4536	4537	17	0
4537	4538	17	0
4538	4539	17	0
4539	4540	17	0
4540
4541	4542	2	0
4542	4543	1	0
4543	4544	1	0
4544	4545	1	0
4545	4546	1	0
4546	4547	1	0
4547	4548	1	0
4548	4549	1	0
4549	4550	1	0
4550	4551	1	0
4551	4552	1	0
4552	4553	1	0
4553	4554	1	0
4554	4555	8	0
4555	4556	5	0
4556	4557	5	0
4557	4558	5	0
4558	4559	5	0
4559	4560	5	0
4560	4561	5	0
4561	4562	5	0
4562	4563	5	0
4563	4564	5	0
4564	4565	5	0
4565	4566	18	0
4566	4567	17	0
4567	4568	17	0
4568	4569	17	0
4569	4570	17	0
4570	4571	17	0
4571	4572	17	0
4572	4573	17	0
4573	4574	17	0
4574	4575	17	0
4575	4576	20	0
4576	4577	19	0
4577	4578	19	0
4578	4579	19	0
4579	4580	19	0
4580	4581	19	0
4581	4582	19	0
4582	4583	19	0
4583	4584	19	0
4584	4585	19	0
4585	4586	19	0
4586	4587	19	0
4587	4588	22	0
4588	4589	21	0
4589	4590	21	0
4590	4591	21	0
4591	4592	21	0
4592	4593	21	0
4593	4594	21	0
4594	4595	21	0
4595	4596	21	0
4596	4597	21	0
4597	4598	21	0
4598	4599	21	0
4599	4600	21	0
4600	4601	21	0
4601	4602	21	0
4602	4603	21	0
4603	4604	21	0
4604	4605	21	0
4605	4606	21	0
4606	4607	21	0
4607	4608	24	0
4608	4609	23	0
4609	4610	23	0
4610	4611	23	0
4611	4612	23	0
4612	4613	23	0
4613	4614	23	0
4614	4615	23	0
4615	4616	23	0
4616	4617	23	0
4617	4618	23	0
4618	4619	2	0
4619	4620	8	0
4620	4621	5	0
4621	4622	5	0
4622	4623	5	0
4623	4624	5	0
4624	4625	5	0
4625	4626	5	0
4626	4627	18	0
4627	4628	17	0
4628	4629	17	0
4629	4630	17	0
4630	4631	17	0
4631	4632	17	0
4632	4633	17	0
4633	4634	17	0
4634	4635	17	0
4635	4636	20	0
4636	4637	19	0
4637	4638	19	0
4638	4639	19	0
4639	4640	19	0
4640	4641	19	0
4641	4642	19	0
4642	4643	19	0
4643	4644	19	0
4644	4645	19	0
4645	4646	19	0
4646	4647	19	0
4647	4648	19	0
4648	4649	19	0
4649	4650	22	0
4650	4651	21	0
4651	4652	21	0
4652	4653	21	0
4653	4654	21	0
4654	4655	21	0
4655	4656	21	0
4656	4657	21	0
4657	4658	21	0
4658	4659	21	0
4659	4660	21	0
4660	4661	21	0
4661	4662	21	0
4662	4663	21	0
4663	4664	21	0
4664	4665	21	0
4665	4666	24	0
4666	4667	20	0
4667	4668	22	0
4668	4669	24	0
4669	4670	23	0
4670	4671	23	0
4671	4672	23	0
4672	4673	23	0
4673	4674	23	0
4674	4675	23	0
4675	4676	23	0
4676	4677	23	0
4677	4678	23	0
4678	4679	23	0
4679	4680	23	0
4680	4681	2	0
4681	4682	8	0
4682	4683	5	0
4683	4684	5	0
4684	4685	5	0
4685	4686	5	0
4686	4687	5	0
4687	4688	5	0
4688	4689	5	0
4689	4690	5	0
4690	4691	18	0
4691	4692	17	0
4692	4693	17	0
4693	4694	17	0
4694	4695	17	0
4695	4696	17	0
4696	4697	17	0
4697	4698	17	0
4698	4699	17	0
4699	4700	17	0
4700	4701	17	0
4701	4702	20	0
4702	4703	19	0
4703	4704	19	0
4704	4705	19	0
4705	4706	19	0
4706	4707	19	0
4707	4708	19	0
4708	4709	19	0
4709	4710	19	0
4710	4711	19	0
4711	4712	19	0
4712	4713	19	0
4713	4714	19	0
4714	4715	22	0
4715	4716	21	0
4716	4717	21	0
4717	4718	21	0
4718	4719	21	0
4719	4720	21	0
4720	4721	21	0
4721	4722	21	0
4722	4723	21	0
4723	4724	21	0
4724	4725	21	0
4725	4726	21	0
4726	4727	21	0
4727	4728	21	0
4728	4729	21	0
4729	4730	21	0
4730	4731	21	0
4731	4732	24	0
4732	4733	23	0
4733	4734	23	0
4734	4735	23	0
4735	4736	23	0
4736	4737	23	0
4737	4738	23	0
4738	4739	23	0
4739	4740	23	0
4740	4741	23	0
4741	4742	23	0
4742	4743	23	0
4743	4744	2	0
4744	4745	1	0
4745	4746	1	0
4746	4747	8	0
4747	4748	5	0
4748	4749	5	0
4749	4750	5	0
4750	4751	5	0
4751	4752	5	0
4752	4753	5	0
4753	4754	5	0
4754	4755	5	0
4755	4756	5	0
4756	4757	18	0
4757	4758	17	0
4758	4759	17	0
4759	4760	17	0
4760	4761	17	0
4761	4762	17	0
4762	4763	17	0
4763	4764	17	0
4764	4765	17	0
4765	4766	17	0
4766	4767	17	0
4767	4768	17	0
4768	4769	20	0
4769	4770	19	0
4770	4771	19	0
4771	4772	19	0
4772	4773	19	0
4773	4774	19	0
4774	4775	19	0
4775	4776	19	0
4776	4777	19	0
4777	4778	19	0
4778	4779	19	0
4779	4780	19	0
4780	4781	22	0
4781	4782	21	0
4782	4783	21	0
4783	4784	21	0
4784	4785	21	0
4785	4786	21	0
4786	4787	21	0
4787	4788	21	0
4788	4789	21	0
4789	4790	21	0
4790	4791	21	0
4791	4792	21	0
4792	4793	24	0
4793	4794	23	0
4794	4795	23	0
4795	4796	23	0
4796	4797	23	0
4797	4798	23	0
4798	4799	23	0
4799	4800	20	0
4800	4801	22	0
4801	4802	24	0
4802	4803	23	0
4803	4804	23	0
4804	4805	2	0
4805	4806	1	0
4806	4807	7	0
4807	4808	5	0
4808	4809	5	0
4809	4810	5	0
4810	4811	5	0
4811	4812	5	0
4812	4813	5	0
4813	4814	5	0
4814	4815	14	0
4815	4816	15	0
4816	4817	15	0
4817	4818	15	0
4818	4819	15	0
4819	4820	15	0
4820	4821	15	0
4821	4822	15	0
4822	4823	15	0
4823	4824	15	0
4824	4825	15	0
4825	4826	15	0
4826	4827	15	0
4827	4828	11	0
4828	4829	10	0
4829	4830	10	0
4830	4831	10	0
4831	4832	10	0
4832	4833	10	0
4833	4834	10	0
4834	4835	16	0
4835	4836	15	0
4836	4837	15	0
4837	4838	15	0
4838	4839	18	0
4839	4840	17	0
4840	4841	17	0
4841	4842	17	0
4842	4843	17	0
4843	4844	17	0
4844	4845	17	0
4845	4846	17	0
4846	4847	17	0
4847	4848	17	0
4848	4849	17	0
4849	4850	17	0
4850	4851	17	0
4851	4852	17	0
4852	4853	17	0
4853	4854	17	0
4854	4855	17	0
4855	4856	17	0
4856	4857	17	0
4857	4858	17	0
4858	4859	17	0
4859	4860	17	0
4860	4861	17	0
4861	4862	17	0
4862	4863	17	0
4863	4864	17	0
4864	4865	17	0
4865	4866	17	0
4866	4867	17	0
4867	4868	17	0
4868	4869	17	0
4869	4870	17	0
4870	4871	17	0
4871	4872	17	0
4872	4873	17	0
4873	4874	17	0
4874	4875	17	0
4875	4876	17	0
4876	4877	17	0
4877	4878	17	0
4878
4879	4880	15	0
4880	4881	15	0
4881	4882	15	0
4882	4883	15	0
4883	4884	18	0
4884	4885	17	0
4885	4886	17	0
4886	4887	17	0
4887	4888	17	0
4888	4889	17	0
4889	4890	17	0
4890	4891	17	0
4891	4892	17	0
4892	4893	17	0
4893	4894	17	0
4894	4895	17	0
4895	4896	17	0
4896	4897	17	0
4897	4898	17	0
4898	4899	17	0
4899	4900	17	0
4900	4901	17	0
4901	4902	17	0
4902	4903	17	0
4903	4904	17	0
4904	4905	17	0
4905	4906	17	0
4906	4907	17	0
4907	4908	17	0
4908	4909	17	0
4909	4910	17	0
4910	4911	17	0
4911	4912	17	0
4912	4913	17	0
4913	4914	17	0
4914	4915	17	0
4915	4916	17	0
4916	4917	17	0
4917	4918	17	0
4918	4919	17	0
4919	4920	17	0
4920	4921	17	0
4921	4922	17	0
4922	4923	17	0
4923	4924	17	0
4924	4925	17	0
4925	4926	17	0
4926	4927	17	0
4927	4928	17	0
4928	4929	17	0
4929	4930	17	0
4930	4931	17	0
4931	4932	17	0
4932	4933	17	0
4933	4934	17	0
4934	4935	17	0
4935	4936	17	0
4936	4937	17	0
4937	4938	17	0
4938	4939	17	0
4939	4940	26	0
4940	4941	25	0
4941	4942	28	0
4942	4943	27	0
4943	4944	27	0
4944	4945	27	0
4945	4946	27	0
4946	4947	27	0
4947	4948	27	0
4948	4949	27	0
4949	4950	27	0
4950	4951	27	0
4951	4952	27	0
4952	4953	30	0
4953	4954	29	0
4954	4955	29	0
4955	4956	29	0
4956	4957	29	0
4957	4958	29	0
4958	4959	29	0
4959	4960	29	0
4960	4961	29	0
4961	4962	29	0
4962	4963	29	0
4963	4964	29	0
4964	4965	29	0
4965	4966	29	0
4966	4967	29	0
4967	4968	29	0
4968	4969	29	0
4969	4970	29	0
4970	4971	29	0
4971	4972	29	0
4972	4973	29	0
4973	4974	2	0
4974	4975	1	0
4975	4976	1	0
4976	4977	1	0
4977	4978	1	0
4978	4979	1	0
4979	4980	1	0
4980	4981	1	0
4981	4982	1	0
4982	4983	1	0
4983	4984	1	0
4984	4985	1	0
4985	4986	1	0
4986	4987	1	0
4987	4988	8	0
4988	4989	5	0
4989	4990	5	0
4990	4991	5	0
4991	4992	5	0
4992	4993	5	0
4993	4994	18	0
4994	4995	26	0
4995	4996	28	0
4996	4997	27	0
4997	4998	27	0
4998	4999	27	0
4999	5000	27	0
5000	5001	27	0
5001	5002	27	0
5002	5003	30	0
5003	5004	26	0
5004	5005	28	0
5005	5006	27	0
5006	5007	27	0
5007	5008	27	0
5008	5009	27	0
5009	5010	27	0
5010	5011	30	0
5011	5012	29	0
5012	5013	29	0
5013	5014	29	0
5014	5015	29	0
5015	5016	29	0
5016	5017	29	0
5017	5018	29	0
5018	5019	29	0
5019	5020	29	0
5020	5021	29	0
5021	5022	29	0
5022	5023	29	0
5023	5024	29	0
5024	5025	29	0
5025	5026	29	0
5026	5027	29	0
5027	5028	29	0
5028	5029	29	0
5029	5030	2	0
5030	5031	1	0
5031	5032	1	0
5032	5033	1	0
5033	5034	1	0
5034	5035	1	0
5035	5036	1	0
5036	5037	1	0
5037	5038	1	0
5038	5039	1	0
5039	5040	1	0
5040	5041	1	0
5041	5042	1	0
5042	5043	1	0
5043	5044	1	0
5044	5045	8	0
5045	5046	5	0
5046	5047	5	0
5047	5048	5	0
5048	5049	5	0
5049	5050	5	0
5050	5051	5	0
5051	5052	5	0
5052	5053	5	0
5053	5054	5	0
5054	5055	18	0
5055	5056	26	0
5056	5057	28	0
5057	5058	27	0
5058	5059	27	0
5059	5060	27	0
5060	5061	27	0
5061	5062	27	0
5062	5063	27	0
5063	5064	27	0
5064	5065	27	0
5065	5066	27	0
5066	5067	27	0
5067	5068	27	0
5068	5069	27	0
5069	5070	27	0
5070	5071	27	0
5071	5072	30	0
5072	5073	29	0
5073	5074	29	0
5074	5075	29	0
5075	5076	29	0
5076	5077	29	0
5077	5078	29	0
5078	5079	29	0
5079	5080	29	0
5080	5081	29	0
5081	5082	29	0
5082	5083	29	0
5083	5084	29	0
5084	5085	29	0
5085	5086	29	0
5086	5087	29	0
5087	5088	29	0
5088	5089	29	0
5089	5090	29	0
5090	5091	2	0
5091	5092	1	0
5092	5093	1	0
5093	5094	1	0
5094	5095	1	0
5095	5096	1	0
5096	5097	1	0
5097	5098	1	0
5098	5099	1	0
5099	5100	1	0
5100	5101	1	0
5101	5102	1	0
5102	5103	1	0
5103	5104	8	0
5104	5105	5	0
5105	5106	5	0
5106	5107	5	0
5107	5108	5	0
5108	5109	5	0
5109	5110	5	0
5110	5111	5	0
5111	5112	5	0
5112	5113	5	0
5113	5114	18	0
5114	5115	26	0
5115	5116	28	0
5116	5117	27	0
5117	5118	27	0
5118	5119	27	0
5119	5120	27	0
5120	5121	27	0
5121	5122	27	0
5122	5123	27	0
5123	5124	27	0
5124	5125	27	0
5125	5126	27	0
5126	5127	27	0
5127	5128	27	0
5128	5129	27	0
5129	5130	27	0
5130	5131	27	0
5131	5132	30	0
5132	5133	29	0
5133	5134	29	0
5134	5135	29	0
5135	5136	29	0
5136	5137	29	0
5137	5138	29	0
5138	5139	29	0
5139	5140	29	0
5140	5141	29	0
5141	5142	29	0
5142	5143	29	0
5143	5144	29	0
5144	5145	29	0
5145	5146	29	0
5146	5147	29	0
5147	5148	29	0
5148	5149	29	0
5149	5150	29	0
5150	5151	29	0
5151	5152	26	0
5152	5153	28	0
5153	5154	30	0
5154	5155	2	0
5155	5156	1	0
5156	5157	1	0
5157	5158	1	0
5158	5159	1	0
5159	5160	1	0
5160	5161	1	0
5161	5162	1	0
5162	5163	1	0
5163	5164	1	0
5164	5165	8	0
5165	5166	5	0
5166	5167	5	0
5167	5168	5	0
5168	5169	5	0
5169	5170	5	0
5170	5171	5	0
5171	5172	5	0
5172	5173	5	0
5173	5174	5	0
5174	5175	5	0
5175	5176	18	0
5176	5177	17	0
5177	5178	17	0
5178	5179	17	0
5179	5180	17	0
5180	5181	17	0
5181	5182	17	0
5182	5183	17	0
5183	5184	17	0
5184	5185	17	0
5185	5186	20	0
5186	5187	19	0
5187	5188	19	0
5188	5189	19	0
5189	5190	19	0
5190	5191	19	0
5191	5192	19	0
5192	5193	19	0
5193	27	19	0
5194	5195	2	0
5195	5196	1	0
5196	5197	1	0
5197	5198	1	0
5198	5199	1	0
5199	5200	1	0
5200	5201	1	0
5201	5202	1	0
5202	5203	1	0
5203	5204	1	0
5204	5205	1	0
5205	5206	1	0
5206	5207	1	0
5207	5208	8	0
5208	5209	5	0
5209	5210	5	0
5210	5211	5	0
5211	5212	5	0
5212	5213	5	0
5213	5214	5	0
5214	5215	5	0
5215	5216	5	0
5216	5217	5	0
5217	5218	5	0
5218	5219	18	0
5219	5220	17	0
5220	5221	17	0
5221	5222	17	0
5222	5223	17	0
5223	5224	17	0
5224	5225	17	0
5225	5226	17	0
5226	5227	17	0
5227	5228	17	0
5228	5229	20	0
5229	5230	19	0
5230	5231	19	0
5231	5232	19	0
5232	5233	19	0
5233	5234	19	0
5234	5235	19	0
5235	5236	19	0
5236	5237	19	0
5237	5238	19	0
5238	5239	19	0
5239	5240	19	0
5240	5241	22	0
5241	5242	21	0
5242	5243	21	0
5243	5244	21	0
5244	5245	21	0
5245	5246	21	0
5246	5247	21	0
5247	5248	21	0
5248	5249	21	0
5249	5250	21	0
5250	5251	21	0
5251	5252	21	0
5252	5253	21	0
5253	5254	21	0
5254	5255	21	0
5255	5256	21	0
5256	5257	21	0
5257	5258	21	0
5258	5259	21	0
5259	5260	21	0
5260	5261	24	0
5261	5262	23	0
5262	5263	23	0
5263	5264	23	0
5264	5265	23	0
5265	5266	23	0
5266	5267	23	0
5267	5268	23	0
5268	5269	23	0
5269	5270	23	0
5270	5271	23	0
5271	5272	2	0
5272	5273	8	0
5273	5274	5	0
5274	5275	5	0
5275	5276	5	0
5276	5277	5	0
5277	5278	5	0
5278	5279	5	0
5279	5280	18	0
5280	5281	17	0
5281	5282	17	0
5282	5283	17	0
5283	5284	17	0
5284	5285	17	0
5285	5286	17	0
5286	5287	17	0
5287	5288	17	0
5288	5289	20	0
5289	5290	19	0
5290	5291	19	0
5291	5292	19	0
5292	5293	19	0
5293	5294	19	0
5294	5295	19	0
5295	5296	19	0
5296	5297	19	0
5297	5298	19	0
5298	5299	19	0
5299	5300	19	0
5300	5301	19	0
5301	5302	19	0
5302	5303	22	0
5303	5304	21	0
5304	5305	21	0
5305	5306	21	0
5306	5307	21	0
5307	5308	21	0
5308	5309	21	0
5309	5310	21	0
5310	5311	21	0
5311	5312	21	0
5312	5313	21	0
5313	5314	21	0
5314	5315	21	0
5315	5316	21	0
5316	5317	21	0
5317	5318	21	0
5318	5319	21	0
5319	5320	21	0
5320	5321	21	0
5321	5322	24	0
5322	5323	23	0
5323	5324	23	0
5324	5325	23	0
5325	5326	23	0
5326	5327	23	0
5327	5328	23	0
5328	5329	23	0
5329	5330	23	0
5330	5331	26	0
5331	5332	28	0
5332	5333	30	0
5333	5334	2	0
5334	5335	8	0
5335	5336	5	0
5336	5337	5	0
5337	5338	5	0
5338	5339	5	0
5339	5340	5	0
5340	5341	5	0
5341	5342	5	0
5342	5343	5	0
5343	5344	18	0
5344	5345	17	0
5345	5346	17	0
5346	5347	17	0
5347	5348	17	0
5348	5349	17	0
5349	5350	17	0
5350	5351	17	0
5351	5352	17	0
5352	5353	17	0
5353	5354	17	0
5354	5355	20	0
5355	5356	19	0
5356	5357	19	0
5357	5358	19	0
5358	5359	19	0
5359	5360	19	0
5360	5361	19	0
5361	5362	19	0
5362	5363	19	0
5363	5364	19	0
5364	5365	19	0
5365	5366	19	0
5366	5367	19	0
5367	5368	22	0
5368	5369	21	0
5369	5370	21	0
5370	5371	21	0
5371	5372	21	0
5372	5373	21	0
5373	5374	21	0
5374	5375	21	0
5375	5376	21	0
5376	5377	21	0
5377	5378	21	0
5378	5379	21	0
5379	5380	21	0
5380	5381	21	0
5381	5382	21	0
5382	5383	21	0
5383	5384	21	0
5384	5385	24	0
5385	5386	23	0
5386	5387	23	0
5387	5388	23	0
5388	5389	23	0
5389	5390	23	0
5390	5391	23	0
5391	5392	23	0
5392	5393	23	0
5393	5394	23	0
5394	5395	23	0
5395	5396	23	0
5396	5397	2	0
5397	5398	1	0
5398	5399	1	0
5399	5400	8	0
5400	5401	5	0
5401	5402	5	0
5402	5403	5	0
5403	5404	5	0
5404	5405	5	0
5405	5406	5	0
5406	5407	5	0
5407	5408	5	0
5408	5409	5	0
5409	5410	18	0
5410	5411	17	0
5411	5412	17	0
5412	5413	17	0
5413	5414	17	0
5414	5415	17	0
5415	5416	17	0
5416	5417	17	0
5417	5418	17	0
5418	5419	17	0
5419	5420	17	0
5420	5421	17	0
5421	5422	20	0
5422	5423	19	0
5423	5424	19	0
5424	5425	19	0
5425	5426	19	0
5426	5427	19	0
5427	5428	19	0
5428	5429	19	0
5429	5430	19	0
5430	5431	19	0
5431	5432	19	0
5432	5433	19	0
5433	5434	22	0
5434	5435	21	0
5435	5436	21	0
5436	5437	21	0
5437	5438	21	0
5438	5439	21	0
5439	5440	21	0
5440	5441	21	0
5441	5442	21	0
5442	5443	21	0
5443	5444	21	0
5444	5445	21	0
5445	5446	24	0
5446	5447	23	0
5447	5448	23	0
5448	5449	23	0
5449	5450	23	0
5450	5451	23	0
5451	5452	23	0
5452	5453	20	0
5453	5454	22	0
5454	5455	24	0
5455	5456	23	0
5456	5457	23	0
5457	5458	2	0
5458	5459	1	0
5459	5460	7	0
5460	5461	5	0
5461	5462	5	0
5462	5463	5	0
5463	5464	5	0
5464	5465	5	0
5465	5466	5	0
5466	5467	5	0
5467	5468	14	0
5468	5469	15	0
5469	5470	15	0
5470	5471	15	0
5471	5472	15	0
5472	5473	15	0
5473	5474	15	0
5474	5475	15	0
5475	5476	15	0
5476	5477	15	0
5477	5478	15	0
5478	5479	15	0
5479	5480	15	0
5480	5481	11	0
5481	5482	10	0
5482	5483	10	0
5483	5484	10	0
5484	5485	10	0
5485	5486	10	0
5486	5487	10	0
5487	5488	16	0
5488	5489	15	0
5489	5490	15	0
5490	5491	15	0
5491	5492	18	0
5492	5493	17	0
5493	5494	17	0
5494	5495	17	0
5495	5496	17	0
5496	5497	17	0
5497	5498	17	0
5498	5499	17	0
5499	5500	17	0
5500	5501	17	0
5501	5502	17	0
5502	5503	17	0
5503	5504	17	0
5504	5505	17	0
5505	5506	17	0
5506	5507	17	0
5507	5508	17	0
5508	5509	17	0
5509	5510	17	0
5510	5511	17	0
5511	5512	17	0
5512	5513	17	0
5513	5514	17	0
5514	5515	17	0
5515	5516	17	0
5516	5517	17	0
5517	5518	17	0
5518	5519	17	0
5519	5520	17	0
5520	5521	17	0
5521	5522	17	0
5522	5523	17	0
5523	5524	17	0
5524	5525	17	0
5525	5526	17	0
5526	5527	17	0
5527	5528	17	0
5528	5529	17	0
5529	5530	17	0
5530	5531	17	0
5531

