
0	1	2	7.0962,2106.62,4_16_15_15_15_15_15_15_15_15_15_15_15_15_15_15_15_15_15_15_15_15_15
1	2	2	5.04779,4145.5,
2	3	2	4.80134,708.848,
2	31	3	6.71007,8021.15,15_15_15_15_15_18_17_17_17_17_17_17_17_17_17_17_17_17_17_17_17_17_17_17_17_17_17_17_17_17_17_17_17_17_17_17_17_17_17_17_17_17_17_17_17_17_17_17_17_17_17_17_17_17_17_17_17_17_17_17_17_26_25_28_27_27_27_27_27_27_27_27_27_27_30_29_29_29_29_29_29_29_29_29_29_29_29_29_29_29_29_29_29_29_29_2_1_1_1_1_1_1_1_1_1_1_1_1_1_8_5_5_5_5_5_18_26_28_27_27_27_27_27_27_27_27_27_27_27_27_27_27_30_29_29_29_29_29_29_29_29_29_29_29_29_29_29_29_29_29_29
3	4	2	6.01681,2766.1,
3	25	3	6.60823,7405.05,15_15_15_15_15_18_17_17_17_17_17_17_17_17_17_17_17_17_17_17_17_17_17_17_17_17_17_17_17_17_17_17_17_17_17_17_17_17_17_17_17_17_17_17_17_17_17_17_17_17_17_17_17_17_17_17_17_17_17_17_17_26_25_28_27_27_27_27_27_27_27_27_27_27_30_29_29_29_29_29_29_29_29_29_29_29_29_29_29_29_29_29_29_29_29_2_1_1_1_1_1_1_1_1_1_1
4	5	3	5.2878,4770.61,15_15_15_15_15_18_17_17_17_17_17_17_17_17_17_17_17_17_17_17_17_17_17_17_17_17_17_17_17_17_17_17_17_17_17_17_17_17_17_17_17_17_17_17_17_17_17_17_17_17_17_17_17_17_17_17_17_17_17_17_17_26_25_28_27_27_27_27_27_27_27_27_27_27_30_29_29_29_29_29_29_29_29_29_29_29_29_29_29_29_29_29_29_29_29_2_1_1_1_1_1
4	10	2	4.78379,617.738,
5	6	3	4.3678,13186.4,1_1_1_1_1_1_1_1_8_5_5_5_5_5_18_26_28_27_27_27_27_27_27_27_27_27_27_27_27_27_27_30_29_29_29_29_29_29_29_29_29_29_29_29_29_29_29_29_29_29_2_1_1_1_1_1_1_1_1_1_1_1_1_1_1_8_5_5_5_5_5_5_5_5_5_18_26_28_27_27_27_27_27_27_27_27_27_27_27_27_27_27_30_29_29_29_29_29_29_29_29_29_29_29_29_29_29_29_29_29_29_2_1_1_1_1_1_1_1_1_1_1_1_1_8_5_5_5_5_5_5_5_5_5_18_26_28_27_27_27_27_27_27_27_27_27_27_27_27_27_27_27_30_29_29_29_29_29_29_29_29_29_29_29_29_29_29_29_29_29_29
5	21	2	6.64415,15693.5,1_1_1_1_1_1_1_1_8_5_5_5_5_5_18_26_28_27_27_27_27_27_27_27_27_27_27_27_27_27_27_30_29_29_29_29_29_29_29_29_29_29_29_29_29_29_29_29_29_29_2_1_1_1_1_1_1_1_1_1_1_1_1_1_1_8_5_5_5_5_5_5_5_5_5_18_26_28_27_27_27_27_27_27_27_27_27_27_27_27_27_27_30_29_29_29_29_29_29_29_29_29_29_29_29_29_29_29_29_29_29_2_1_1_1_1_1_1_1_1_1_1_1_1_8_5_5_5_5_5_5_5_5_5_18_26_28_27_27_27_27_27_27_27_27_27_27_27_27_27_27_27_30_29_29_29_29_29_29_29_29_29_29_29_29_29_29_29_29_29_29_29_2_1_1_1_1_1_1_1_1_1_1_1_1_8_5_5_5_5_5_5_5_5_5_5_18_17_17_17_17_17_17_17_17_17_20_19_19_19_19_19_19_19_19_19_19_19_22_21_21_21_21_21_21_21_21_21_21_21_21_21_21_21_21_21_21_21_24_23_23_23_23
6	7	3	6.10986,2576.85,
6	15	2	6.02085,2624.35,
7	8	3	2.71942,415.07,
7	19	2	2.62219,340.382,
8	9	3	5.04809,2384.78,
8	18	2	6.25044,4723.27,
8	14.2736,20320.1,29_2_1_1_1_1_1_1_1_1_1_1_1_1_8_5_5_5_5_5_5_5_5_5_5_18_17_17_17_17_17_17_17_17_17_20_19_19_19_19_19_19_19_19_19_19_19_22_21_21_21_21_21_21_21_21_21_21_21_21_21_21_21_21_21_21_21_24_23_23_23_23_23_23_23_23_23_23_2_8_5_5_5_5_5_5_18_17_17_17_17_17_17_17_17_20_19_19_19_19_19_19_19_19_19_19_19_19_19_22_21_21_21_21_21_21_21_21_21_21_21_21_21_21_21_21_21_21_24_23_23_23_23_23_23_23_23_23_23_23_2_8_5_5_5_5_5_5_5_5_18_17_17_17_17_17_17_17_17_17_17_20_19_19_19_19_19_19_19_19_19_19_19_19_22_21_21_21_21_21_21_21_21_21_21_21_21_21_21_21_21_24_23_23_23_23_23_23_23_23_23_23_23_2_1_1_8_5_5_5_5_5_5_5_5_5_18_17_17_17_17_17_17_17_17_17_17_17_20_19_19_19_19_19_19_19_19_19_19_19_22_21_21_21_21_21_21_21_21_21_21_21_24_23_23_23_23_23_23_23_23_23_23_23_2_1_7_5_5_5_5_5_5_5_14_15_15_15_15_15_15_15_15_15_15_15_15_11_10_10_10_10_10_10_16_15_15_15_18_17_17_17_17_17_17_17_17_17_17_17_17_17_17_17_17_17_17_17_17_17_17_17_17_17_17_17_17_17_17_17_17_17_17_17_17_17_17_17
9	35	3	6.08597,2302.92,
9	12.9805,17986.9,29_2_1_1_1_1_1_1_1_1_1_1_1_1_8_5_5_5_5_5_5_5_5_5_5_18_17_17_17_17_17_17_17_17_17_20_19_19_19_19_19_19_19_19_19_19_19_22_21_21_21_21_21_21_21_21_21_21_21_21_21_21_21_21_21_21_21_24_23_23_23_23_23_23_23_23_23_23_2_8_5_5_5_5_5_5_18_17_17_17_17_17_17_17_17_20_19_19_19_19_19_19_19_19_19_19_19_19_19_22_21_21_21_21_21_21_21_21_21_21_21_21_21_21_21_21_21_21_24_23_23_23_23_23_23_23_23_23_23_23_2_8_5_5_5_5_5_5_5_5_18_17_17_17_17_17_17_17_17_17_17_20_19_19_19_19_19_19_19_19_19_19_19_19_22_21_21_21_21_21_21_21_21_21_21_21_21_21_21_21_21_24_23_23_23_23_23_23_23_23_23_23_23_2_1_1_8_5_5_5_5_5_5_5_5_5_18_17_17_17_17_17_17_17_17_17_17_17_20_19_19_19_19_19_19_19_19_19_19_19_22_21_21_21_21_21_21_21_21_21_21_21_24_23_23_23_23_23_23_20_22_24_23_23_2_1_7_5_5_5_5_5_5_5_14_15_15_15_15_15_15_15_15_15_15_15_15_11_10_10_10_10_10_10_16_15_15_15_18_17_17_17_17_17_17_17_17_17_17_17_17_17_17_17_17_17_17_17_17_17_17_17_17_17_17_17_17_17_17_17_17_17_17_17_17_17_17_17
10	11	3	5.25037,4285.96,
10	36	2	3.74149,713.127,
11	12	3	5.65117,15567.9,15_15_15_15_15_18_17_17_17_17_17_17_17_17_17_17_17_17_17_17_17_17_17_17_17_17_17_17_17_17_17_17_17_17_17_17_17_17_17_17_17_17_17_17_17_17_17_17_17_17_17_17_17_17_17_17_17_17_17_17_17_26_25_28_27_27_27_27_27_27_27_27_27_27_30_29_29_29_29_29_29_29_29_29_29_29_29_29_29_29_29_29_29_29_29_2_1_1_1_1_1_1_1_1_1_1
12	13	3	2.71942,415.07,
13	14	3	5.04809,2384.78,1_1_1_8_5_5_5_5_5_18_26_28_27_27_27_27_27_27
14	34	3	6.08597,2302.92,30_26_28_27_27_27_27_27_30_29_29_29_29_29_29_29_29_29_29_29_29_29_29_29_29_29_29_2_1_1_1_1_1_1_1_1_1_1_1_1_1_1_8_5_5_5_5_5_5_5_5_5_18_26_28_27_27_27_27_27_27_27_27_27_27_27_27_27_27_30_29_29_29_29_29_29_29_29_29_29_29_29_29_29_29_29_29_29_2_1_1_1_1_1_1_1_1_1_1_1_1_8_5_5_5_5_5_5_5_5_5_18_26_28_27_27_27_27_27_27_27_27_27_27_27_27_27_27_27_30_29_29_29_29_29_29_29_29_29_29_29_29_29_29_29_29_29_29_29_2_1_1_1_1_1_1_1_1_1_1_1_1_8_5_5_5_5_5_5_5_5_5_5_18_17_17_17_17_17_17_17_17_17_20_19_19_19_19_19_19_19_19_19_19_19_22_21_21_21_21_21_21_21_21_21_21_21_21_21_21_21_21_21_21_21_24_23_23_23_23
14	12.97,18052.6,30_26_28_27_27_27_27_27_30_29_29_29_29_29_29_29_29_29_29_29_29_29_29_29_29_29_29_2_1_1_1_1_1_1_1_1_1_1_1_1_1_1_8_5_5_5_5_5_5_5_5_5_18_26_28_27_27_27_27_27_27_27_27_27_27_27_27_27_27_30_29_29_29_29_29_29_29_29_29_29_29_29_29_29_29_29_29_29_2_1_1_1_1_1_1_1_1_1_1_1_1_8_5_5_5_5_5_5_5_5_5_18_26_28_27_27_27_27_27_27_27_27_27_27_27_27_27_27_27_30_29_29_29_29_29_29_29_29_29_29_29_29_29_29_29_29_29_29_29_2_1_1_1_1_1_1_1_1_1_1_1_1_8_5_5_5_5_5_5_5_5_5_5_18_17_17_17_17_17_17_17_17_17_20_19_19_19_19_19_19_19_19_19_19_19_22_21_21_21_21_21_21_21_21_21_21_21_21_21_21_21_21_21_21_21_24_23_23_23_23_23_23_23_23_23_23_2_8_5_5_5_5_5_5_18_17_17_17_17_17_17_17_17_20_19_19_19_19_19_19_19_19_19_19_19_19_19_22_21_21_21_21_21_21_21_21_21_21_21_21_21_21_21_21_21_21_24_23_23_23_23_23_23_23_23_23_23_23_2_8_5_5_5_5_5_5_5_5_18_17_17_17_17_17_17_17_17_17_17_20_19_19_19_19_19_19_19_19_19_19_19_19_22_21_21_21_21_21_21_21_21_21_21_21_21_21_21_21_21_24_23_23_23_23_23_23_23_23_23_23_23_2_1_1_8_5_5_5_5_5_5_5_5_5_18_17_17_17_17_17_17_17_17_17_17_17_20_19_19_19_19_19_19_19_19_19_19_19_22_21_21_21_21_21_21_21_21_21_21_21_24_23_23_23_23_23_23_23_23_23_23_23_2_1_7_5_5_5_5_5_5_5_14_15_15_15_15_15_15_15_15_15_15_15_15_11_10_10_10_10_10_10_16_15_15_15_18_17_17_17_17_17_17_17_17_17_17_17_17_17_17_17_17_17_17_17_17_17_17_17_17_17_17_17_17_17_17_17_17_17_17_17_17_17_17_17
15	16	3	4.9009,747.601,
16	17	3	5.19637,4307.43,
17	37	3	4.95765,1143.04,
17	10.6508,15706.4,29_2_1_1_1_1_1_1_1_1_1_1_1_1_8_5_5_5_5_5_5_5_5_5_5_18_17_17_17_17_17_17_17_17_17_20_19_19_19_19_19_19_19_19_19_19_19_22_21_21_21_21_21_21_21_21_21_21_21_21_21_21_21_21_21_21_21_24_23_23_23_23_23_23_23_23_23_23_2_8_5_5_5_5_5_5_18_17_17_17_17_17_17_17_17_20_19_19_19_19_19_19_19_19_19_19_19_19_19_22_21_21_21_21_21_21_21_21_21_21_21_21_21_21_21_21_21_21_24_23_23_23_23_23_23_23_23_26_28_30_2_8_5_5_5_5_5_5_5_5_18_17_17_17_17_17_17_17_17_17_17_20_19_19_19_19_19_19_19_19_19_19_19_19_22_21_21_21_21_21_21_21_21_21_21_21_21_21_21_21_21_24_23_23_23_23_23_23_23_23_23_23_23_2_1_1_8_5_5_5_5_5_5_5_5_5_18_17_17_17_17_17_17_17_17_17_17_17_20_19_19_19_19_19_19_19_19_19_19_19_22_21_21_21_21_21_21_21_21_21_21_21_24_23_23_23_23_23_23_23_23_23_23_23_2_1_7_5_5_5_5_5_5_5_14_15_15_15_15_15_15_15_15_15_15_15_15_11_10_10_10_10_10_10_16_15_15_15_18_17_17_17_17_17_17_17_17_17_17_17_17_17_17_17_17_17_17_17_17_17_17_17_17_17_17_17_17_17_17_17_17_17_17_17_17_17_17_17
18	11.6674,15674.4,29_2_1_1_1_1_1_1_1_1_1_1_1_1_8_5_5_5_5_5_5_5_5_5_5_18_17_17_17_17_17_17_17_17_17_20_19_19_19_19_19_19_19_19_19_19_19_22_21_21_21_21_21_21_21_21_21_21_21_21_21_21_21_21_21_21_21_24_23_23_23_23_23_23_23_23_23_23_2_8_5_5_5_5_5_5_18_17_17_17_17_17_17_17_17_20_19_19_19_19_19_19_19_19_19_19_19_19_19_22_21_21_21_21_21_21_21_21_21_21_21_21_21_21_21_21_21_21_24_23_23_23_23_23_23_23_23_23_23_23_2_8_5_5_5_5_5_5_5_5_18_17_17_17_17_17_17_17_17_17_17_20_19_19_19_19_19_19_19_19_19_19_19_19_22_21_21_21_21_21_21_21_21_21_21_21_21_21_21_21_21_24_23_23_23_23_23_23_23_23_23_23_23_2_1_1_8_5_5_5_5_5_5_5_5_5_18_17_17_17_17_17_17_17_17_17_17_17_20_19_19_19_19_19_19_19_19_19_19_19_22_21_21_21_21_21_21_21_21_21_21_21_24_23_23_23_23_23_23_23_23_23_23_23_23_26_28_30_2_7_5_5_5_5_14_15_15_15_15_15_15_15_15_15_15_15_15_11_10_10_10_10_10_10_16_15_15_15_18_17_17_17_17_17_17_17_17_17_17_17_17_17_17_17_17_17_17_17_17_17_17_17_17_17_17_17_17_17_17_17_17_17_17_17_17_17_17_17
19	20	3	7.36935,4695.54,
20	10.6543,15779.3,29_2_1_1_1_1_1_1_1_1_1_1_1_1_8_5_5_5_5_5_5_5_5_5_5_18_17_17_17_17_17_17_17_17_17_20_19_19_19_19_19_19_19_19_19_19_19_22_21_21_21_21_21_21_21_21_21_21_21_21_21_21_21_21_21_21_21_24_23_23_23_23_23_23_23_23_23_23_2_8_5_5_5_5_5_5_18_17_17_17_17_17_17_17_17_20_19_19_19_19_19_19_19_19_19_19_19_19_19_22_21_21_21_21_21_21_21_21_21_21_21_21_21_21_21_21_21_21_24_23_23_23_23_23_23_23_23_23_23_23_2_8_5_5_5_5_5_5_5_5_18_17_17_17_17_17_17_17_17_17_17_20_19_19_19_19_19_19_19_19_19_19_19_19_22_21_21_21_21_21_21_21_21_21_21_21_21_21_21_21_21_24_23_23_23_23_23_23_23_23_23_23_26_28_30_2_8_5_5_5_5_5_5_5_5_5_18_17_17_17_17_17_17_17_17_17_17_17_20_19_19_19_19_19_19_19_19_19_19_19_22_21_21_21_21_21_21_21_21_21_21_21_24_23_23_23_23_23_23_23_23_23_23_23_2_1_7_5_5_5_5_5_5_5_14_15_15_15_15_15_15_15_15_15_15_15_15_11_10_10_10_10_10_10_16_15_15_15_18_17_17_17_17_17_17_17_17_17_17_17_17_17_17_17_17_17_17_17_17_17_17_17_17_17_17_17_17_17_17_17_17_17_17_17_17_17_17_17
21	22	3	4.9009,747.601,
22	23	3	5.19637,4307.43,
23	24	3	4.94711,1188.51,23_23_23
24	9.44816,14657.1,26_28_30_2_8_5_5_5_5_5_5_18_17_17_17_17_17_17_17_17_20_19_19_19_19_19_19_19_19_19_19_19_19_19_22_21_21_21_21_21_21_21_21_21_21_21_21_21_21_21_21_21_21_24_23_23_23_23_23_23_23_23_23_23_23_2_8_5_5_5_5_5_5_5_5_18_17_17_17_17_17_17_17_17_17_17_20_19_19_19_19_19_19_19_19_19_19_19_19_22_21_21_21_21_21_21_21_21_21_21_21_21_21_21_21_21_24_23_23_23_23_23_23_23_23_23_23_23_2_1_1_8_5_5_5_5_5_5_5_5_5_18_17_17_17_17_17_17_17_17_17_17_17_20_19_19_19_19_19_19_19_19_19_19_19_22_21_21_21_21_21_21_21_21_21_21_21_24_23_23_23_23_23_23_23_23_23_23_23_2_1_7_5_5_5_5_5_5_5_14_15_15_15_15_15_15_15_15_15_15_15_15_11_10_10_10_10_10_10_16_15_15_15_18_17_17_17_17_17_17_17_17_17_17_17_17_17_17_17_17_17_17_17_17_17_17_17_17_17_17_17_17_17_17_17_17_17_17_17_17_17_17_17
25	26	2	4.78379,630.36,
26	27	3	4.26185,12684.6,1_1_1_8_5_5_5_5_5_18_26_28_27_27_27_27_27_27_27_27_27_27_27_27_27_27_30_29_29_29_29_29_29_29_29_29_29_29_29_29_29_29_29_29_29_2_1_1_1_1_1_1_1_1_1_1_1_1_1_1_8_5_5_5_5_5_5_5_5_5_18_26_28_27_27_27_27_27_27_27_27_27_27_27_27_27_27_30_29_29_29_29_29_29_29_29_29_29_29_29_29_29_29_29_29_29_29_20_22_24_2_1_1_1_1_1_1_1_1_8_5_5_5_5_5_5_5_5_5_18_26_28_27_27_27_27_27_27_27_27_27_27_27_27_27_27_27_30_29_29_29_29_29_29_29_29_29_29_29_29_29_29_29_29_29_29_29_2_1_1_1_1_1_1_1_1_1_1_1_1_8_5_5_5_5_5_5_5_5_5_5_18_17_17_17_17_17_17_17_17_17_20_19_19_19_19_19_19_19_19
27	28	3	6.10986,2576.85,19_19_19_22_21_21_21_21_21_21_21_21_21_21_21_21_21_21_21_21_21_21_21_24_23_23_23_23
28	29	3	2.71942,415.07,
29	30	3	5.04809,2384.78,
30	12.97,18052.6,23_23_23_23_23_23_2_8_5_5_5_5_5_5_18_17_17_17_17_17_17_17_17_20_19_19_19_19_19_19_19_19_19_19_19_19_19_22_21_21_21_21_21_21_21_21_21_21_21_21_21_21_21_21_21_21_24_23_23_23_23_23_23_23_23_23_23_23_2_8_5_5_5_5_5_5_5_5_18_17_17_17_17_17_17_17_17_17_17_20_19_19_19_19_19_19_19_19_19_19_19_19_22_21_21_21_21_21_21_21_21_21_21_21_21_21_21_21_21_24_23_23_23_23_23_23_23_23_23_23_23_2_1_1_8_5_5_5_5_5_5_5_5_5_18_17_17_17_17_17_17_17_17_17_17_17_20_19_19_19_19_19_19_19_19_19_19_19_22_21_21_21_21_21_21_21_21_21_21_21_24_23_23_23_23_23_23_23_23_23_23_23_2_1_7_5_5_5_5_5_5_5_14_15_15_15_15_15_15_15_15_15_15_15_15_11_10_10_10_10_10_10_16_15_15_15_18_17_17_17_17_17_17_17_17_17_17_17_17_17_17_17_17_17_17_17_17_17_17_17_17_17_17_17_17_17_17_17_17_17_17_17_17_17_17_17
31	32	2	4.78379,630.36,
32	33	2	4.78379,569.748,
33	27	3	4.17756,12218.5,29_20_22_24_2_1_1_1_1_1_1_1_1_1_1_8_5_5_5_5_5_5_5_5_5_18_26_28_27_27_27_27_27_27_27_27_27_27_27_27_27_27_30_29_29_29_29_29_29_29_29_29_29_29_29_29_29_29_29_29_29_2_1_1_1_1_1_1_1_1_1_1_1_1_8_5_5_5_5_5_5_5_5_5_18_26_28_27_27_27_27_27_27_27_27_27_27_27_27_27_27_27_30_29_29_29_29_29_29_29_29_29_29_29_29_29_29_29_29_29_29_29_2_1_1_1_1_1_1_1_1_1_1_1_1_8_5_5_5_5_5_5_5_5_5_5_18_17_17_17_17_17_17_17_17_17_20_19_19_19_19_19_19_19_19
34	10.639,15801.3,23_23_23_23_23_23_2_8_5_5_5_5_5_5_18_17_17_17_17_17_17_17_17_20_19_19_19_19_19_19_19_19_19_19_19_19_19_22_21_21_21_21_21_21_21_21_21_21_21_21_21_21_21_21_21_21_24_23_23_23_23_23_23_23_23_23_23_23_2_8_5_5_5_5_5_5_5_5_18_17_17_17_17_17_17_17_17_17_17_20_19_19_19_19_19_19_19_19_19_19_19_19_22_21_21_21_21_21_21_21_21_21_21_21_21_21_21_21_21_24_23_23_23_23_23_23_23_23_23_23_23_2_1_1_8_5_5_5_5_5_5_5_5_5_18_17_17_17_17_17_17_17_17_17_17_17_20_19_19_19_19_19_19_19_19_19_19_19_22_21_21_21_21_21_21_21_21_21_21_21_24_23_23_23_23_23_23_20_22_24_23_23_2_1_7_5_5_5_5_5_5_5_14_15_15_15_15_15_15_15_15_15_15_15_15_11_10_10_10_10_10_10_16_15_15_15_18_17_17_17_17_17_17_17_17_17_17_17_17_17_17_17_17_17_17_17_17_17_17_17_17_17_17_17_17_17_17_17_17_17_17_17_17_17_17_17
35	10.6574,15743.2,29_2_1_1_1_1_1_1_1_1_1_1_1_1_8_5_5_5_5_5_5_5_5_5_5_18_17_17_17_17_17_17_17_17_17_20_19_19_19_19_19_19_19_19_19_19_19_22_21_21_21_21_21_21_21_21_21_21_21_21_21_21_21_21_21_21_21_24_23_23_23_23_23_23_23_23_23_23_2_8_5_5_5_5_5_5_18_17_17_17_17_17_17_17_17_20_19_19_19_19_19_19_19_19_19_19_19_19_19_22_21_21_21_21_21_21_21_21_21_21_21_21_21_21_21_24_20_22_24_23_23_23_23_23_23_23_23_23_23_23_2_8_5_5_5_5_5_5_5_5_18_17_17_17_17_17_17_17_17_17_17_20_19_19_19_19_19_19_19_19_19_19_19_19_22_21_21_21_21_21_21_21_21_21_21_21_21_21_21_21_21_24_23_23_23_23_23_23_23_23_23_23_23_2_1_1_8_5_5_5_5_5_5_5_5_5_18_17_17_17_17_17_17_17_17_17_17_17_20_19_19_19_19_19_19_19_19_19_19_19_22_21_21_21_21_21_21_21_21_21_21_21_24_23_23_23_23_23_23_20_22_24_23_23_2_1_7_5_5_5_5_5_5_5_14_15_15_15_15_15_15_15_15_15_15_15_15_11_10_10_10_10_10_10_16_15_15_15_18_17_17_17_17_17_17_17_17_17_17_17_17_17_17_17_17_17_17_17_17_17_17_17_17_17_17_17_17_17_17_17_17_17_17_17_17_17_17_17
36	27	3	4.69641,16629.5,15_15_15_15_15_18_17_17_17_17_17_17_17_17_17_17_17_17_17_17_17_17_17_17_17_17_17_17_17_17_17_17_17_17_17_17_17_17_17_17_17_17_17_17_17_17_17_17_17_17_17_17_17_17_17_17_17_17_17_17_17_26_25_28_27_27_27_27_27_27_27_27_27_27_30_29_29_29_29_29_29_29_29_29_29_29_29_29_29_29_29_29_29_29_29_2_1_1_1_1_1_1_1_1_1_1_1_1_1_8_5_5_5_5_5_18_26_28_27_27_27_27_27_27_30_26_28_27_27_27_27_27_30_29_29_29_29_29_29_29_29_29_29_29_29_29_29_29_29_29_29_2_1_1_1_1_1_1_1_1_1_1_1_1_1_1_8_5_5_5_5_5_5_5_5_5_18_26_28_27_27_27_27_27_27_27_27_27_27_27_27_27_27_30_29_29_29_29_29_29_29_29_29_29_29_29_29_29_29_29_29_29_2_1_1_1_1_1_1_1_1_1_1_1_1_8_5_5_5_5_5_5_5_5_5_18_26_28_27_27_27_27_27_27_27_27_27_27_27_27_27_27_27_30_29_29_29_29_29_29_29_29_29_29_29_29_29_29_29_29_29_29_29_26_28_30_2_1_1_1_1_1_1_1_1_1_8_5_5_5_5_5_5_5_5_5_5_18_17_17_17_17_17_17_17_17_17_20_19_19_19_19_19_19_19_19
37	9.44816,14615,29_2_1_1_1_1_1_1_1_1_1_1_1_1_8_5_5_5_5_5_5_5_5_5_5_18_17_17_17_17_17_17_17_17_17_20_19_19_19_19_19_19_19_19_19_19_19_22_21_21_21_21_21_21_21_21_21_21_21_21_21_21_21_21_21_21_21_24_23_23_23_23_23_23_23_23_23_23_2_8_5_5_5_5_5_5_18_17_17_17_17_17_17_17_17_20_19_19_19_19_19_19_19_19_19_19_19_19_19_22_21_21_21_21_21_21_21_21_21_21_21_21_21_21_21_21_21_21_24_23_23_23_23_23_23_23_23_26_28_30_2_8_5_5_5_5_5_5_5_5_18_17_17_17_17_17_17_17_17_17_17_20_19_19_19_19_19_19_19_19_19_19_19_19_22_21_21_21_21_21_21_21_21_21_21_21_21_21_21_21_21_24_23_23_23_23_23_23_23_23_23_23_23_2_1_1_8_5_5_5_5_5_5_5_5_5_18_17_17_17_17_17_17_17_17_17_17_17_20_19_19_19_19_19_19_19_19_19_19_19_22_21_21_21_21_21_21_21_21_21_21_21_24_23_23_23_23_23_23_20_22_24_23_23_2_1_7_5_5_5_5_5_5_5_14_15_15_15_15_15_15_15_15_15_15_15_15_11_10_10_10_10_10_10_16_15_15_15_18_17_17_17_17_17_17_17_17_17_17_17_17_17_17_17_17_17_17_17_17_17_17_17_17_17_17_17_17_17_17_17_17_17_17_17_17_17_17_17

