global  [
  0.3952002 -1.07581 0.5661901 -0.4223359 0.5634753 -0.5672497 0.09487893 0.08017217 -0.09482432 -0.1249213 -0.0376312 0.1534569 0.102387 -0.3075024 0.08907931 -0.09742968 -0.2094674 -1.574279 -0.07762767 1.338973 -1.064209 -0.2365748 -0.1260324 0.08250639 -0.1092421 -0.4764604 -5.368913 -3.059868 2.965019 -4.687283 6.102159 -6.22327 4.457446 1.483604 -1.055449 -1.730042 -2.52687 3.784119 -0.1383079 -0.6031422 
  -0.05653017 0.304041 -0.2007459 -0.2058458 0.3201554 -0.2870736 0.1854322 0.415895 0.1990138 0.2837921 0.2385723 -0.03972562 0.2069245 0.2569761 -0.4772186 -1.477717 0.3639157 -0.03581995 0.7531322 -0.2127995 0.530252 -0.4105578 -0.6093942 0.1257038 -0.08316164 0.05197762 -2.168983 5.708793 -2.278358 -5.64499 4.248597 -2.609931 2.209023 2.069009 -1.878202 0.06589465 0.8622283 -1.152594 -0.09481304 -5.788033 
  0.5238186 -0.4510035 1.707827 0.31662 -0.2812807 -0.2721191 0.6684371 -0.29615 0.194874 -0.14346 -0.2190502 -0.04731647 0.1509912 0.1214372 -1.29494 1.034292 -0.3307004 -0.03387783 1.605908 -0.6254886 0.08393432 -0.7091664 0.6298184 0.534715 -0.9316611 -0.2813461 2.500535 -0.9549974 9.410068 -1.06929 -1.873509 -2.70751 2.564064 -2.234293 -0.09662402 1.135155 -0.9436922 -0.1232988 0.3511984 2.674925 
  0.4695732 -0.75639 0.5725945 0.5348814 -0.7279015 0.0466956 -0.7073361 -0.3854401 0.1387761 -0.3224979 -0.5299966 -0.6909258 -0.4225245 0.297317 1.647071 0.3746957 0.3830553 1.329754 -0.1568312 -0.5189781 -1.45633 1.141206 -0.837597 -0.8830941 0.2527031 1.346184 5.005817 -2.417197 -1.859607 4.68526 -7.696499 4.961869 -3.975315 -0.433588 1.678853 -2.05544 -3.134948 -4.123827 -7.088423 -4.190622 
  0.2705972 -0.08820658 -0.01031742 -0.1115866 -0.5135623 -0.04539876 0.6846507 -0.2533489 0.1208054 -0.5280934 0.06003487 0.07956725 -0.02535152 -1.617363 4.734346 -0.8149432 -0.7954721 -0.4554413 0.2156275 -0.282139 -0.7019141 0.124598 -0.2911699 0.4872447 -0.6645536 -0.6670689 6.024693 -11.37791 -8.018499 8.019629 -11.23633 6.777344 3.029115 -3.157201 1.929447 -2.74088 -2.294177 -0.8368555 -2.252929 5.695001 
  0.3286605 -0.9357352 1.225847 -0.2979662 0.687083 0.4348678 0.5966383 -0.5896198 0.3596126 -1.109435 0.6150975 -0.3098544 0.7723998 -0.4365162 -0.9463829 -0.5400186 4.239931 -2.542571 1.299273 -0.4604538 -0.7491583 0.2513214 -0.3710454 -0.004523651 1.371916 0.8012033 6.640679 -7.380398 5.484414 -9.960912 7.583085 1.578541 4.837638 -3.341872 -3.480088 -6.041125 5.974055 -3.57954 6.96173 -1.732138 
  -0.3680453 -0.9589661 1.550041 0.1799656 -0.09009855 -0.4197119 -0.2234004 0.7105559 0.3429032 0.1333186 0.02924435 -0.3191872 -0.02977834 -0.8195867 0.9826642 -0.5372522 -2.16737 3.016649 -1.357831 -0.1828122 -0.4126688 0.8145388 -0.6609861 -0.2562762 1.585117 0.01338641 -2.954606 -8.665139 19.12252 7.381966 -4.436429 -3.082724 0.9151669 1.059501 -1.227758 2.040131 0.1439807 -1.283341 3.546592 2.194111 
  -1.201679 0.8338267 -0.02431795 0.009893556 0.6738552 0.6381885 -0.6475744 0.5948502 0.1800042 0.7078239 -0.7185835 0.7284153 -0.005930773 0.5276728 -1.642779 -0.8678857 -0.8992123 1.56203 0.9654831 -1.118537 0.02199789 -0.6681421 0.3225634 1.408218 -0.8724445 2.389105 -10.1976 9.363179 -2.124854 6.875998 5.870818 2.021431 -8.577503 2.026605 2.42632 -1.683816 -4.795747 7.215106 1.034184 -2.729634 
  0.3815988 -0.05863648 -0.6078603 0.5925311 -0.2644071 0.4663928 0.2884896 -0.08629012 0.3432907 -0.1800985 0.5586338 -1.23576 -0.08466663 0.6023461 -2.049619 2.607472 -0.8642723 -2.217851 0.2124682 -0.3723008 -2.150804 0.003930913 -0.0101997 2.264866 -1.600524 -0.4668633 0.7028828 2.230965 -3.275009 3.461778 -4.769729 4.630049 4.996049 -3.62454 -1.619712 -3.031806 5.909878 -9.34615 1.939385 0.6568959 
  -0.3315286 0.3272847 0.7034922 0.6407815 -0.2333256 0.3700569 0.4834886 -0.3550551 -0.141652 0.685173 -0.318536 0.4802955 -0.8470366 -0.6326402 0.765783 1.553156 -1.061339 -0.3409942 -1.737232 -1.336174 0.8082399 0.4067181 -0.372871 0.3983932 1.12527 -0.2935019 -2.812212 2.117358 7.254653 8.474687 -6.328013 7.864335 3.301409 -5.564253 -1.423662 4.230991 -1.134792 5.088604 -6.690966 -2.103088 
  0.4130672 -0.3127067 -0.05248497 -0.04267154 -0.3477655 0.09778043 -0.1027954 -0.5728989 -0.4510987 -0.05410763 0.3820944 0.4133202 0.2963061 -0.6859038 2.398567 -0.835953 -1.207169 -0.05447788 1.595524 -0.06505635 -0.4388711 -0.2819301 -1.172794 0.3026604 -0.6849014 -0.4349116 2.597074 -0.6716184 -0.1636242 -2.559025 -2.955999 -0.4985287 2.157212 -6.481014 0.06398318 0.9083597 1.490744 2.051245 4.064168 1.205296 
  0.3206093 -0.9613692 1.117875 0.5167839 -0.6978079 0.06639808 -0.477698 0.1037721 0.2826187 0.1767858 0.3016136 0.4125005 -0.367561 -0.2767458 0.3622288 1.163335 1.534361 -0.8210684 -0.02781409 0.3010588 -0.2178486 -0.3300109 -0.1364028 -0.2020978 -1.06486 0.05292738 2.114388 -3.938135 3.387933 2.949704 -5.519588 1.543685 -0.6777187 2.641276 1.719147 0.7042494 1.185528 -0.9925947 -2.235619 3.552978 
  0.2109873 0.2691176 -0.537096 -0.1938193 -0.3290662 -1.131744 0.5552313 -0.8900893 0.3342977 -0.288737 0.444674 -0.007980757 0.6943905 1.746388 -2.079707 3.263443 -0.5424328 1.709319 0.384122 -1.58283 -1.121072 -1.430442 1.178874 -0.2214044 0.6878198 0.8934501 1.52609 6.844882 2.553655 -2.926008 -1.373681 -10.57718 3.221006 -4.255796 4.15753 -6.81243 2.555401 0.5230187 1.190839 0.4084703 
  0.09941621 -0.0878889 0.02350358 0.006830615 0.004129955 -0.002764014 0.00235085 -0.01212907 0.005665626 -0.01011998 -0.006121081 0.004272419 -0.009919944 0.9844617 -0.02270649 0.0363774 -0.003040637 0.07733735 -0.03992893 -0.0323355 0.0288286 0.01536978 0.02593938 -0.0280743 0.01639932 0.03777828 1.179398 -0.3867502 -0.001890055 0.2079651 -0.2468002 0.06696244 -0.02291251 -0.07624302 0.08846345 -0.09197134 0.001614982 0.01578023 -0.1562125 0.9473703 
  0.02099084 0.01634172 -0.006360882 0.120016 -9.978958e-05 0.03959563 -0.08888721 0.04099797 -0.02975726 -0.04674861 -0.01574597 0.0138301 -0.02056764 -0.376779 0.7012753 0.3321784 -0.219779 0.007655549 -0.1141 -0.1136805 0.0955466 0.01394713 -0.08216833 0.008558957 0.1893468 -0.04973827 -0.04973513 -1.423876 0.6002824 -0.3137909 0.136577 0.2353581 -0.769981 0.2884391 -0.3217553 -0.4018883 0.03957275 0.2656873 -0.05348699 0.2430023 
  -0.07496392 0.03291462 -0.03264711 -0.08952242 0.06892648 -0.04360787 -0.0879051 -0.0228114 0.01155315 -0.04314576 0.003504955 0.08173309 -0.02121712 -0.1572889 0.06929518 0.4352416 -0.5000521 0.4010954 -0.5928229 0.03879139 0.3053681 -0.1301713 -0.03002088 0.2259246 -0.03225768 0.04885884 -1.172798 2.223062 -1.254656 -0.5844194 1.025181 -0.2279932 0.01180048 -0.4994738 0.2580841 -0.1923853 0.9198263 -0.6628929 0.2313351 0.2845681 
  -0.27131 0.3217827 -0.05314047 -0.05432619 0.2452456 -0.1179395 -0.0645979 0.07765673 -0.01810222 0.04405243 -0.008160436 -0.02033975 0.08728538 0.2448384 0.2052853 0.1331134 -0.4014778 -0.2855221 0.3689578 0.08594966 0.1603929 -0.1818681 -0.0009442327 0.2619559 -0.459368 0.08124156 -1.490116 2.275594 0.4503911 -1.497174 1.114133 -0.3182575 -0.1210272 0.9577285 -0.9071256 0.8502304 -0.9788697 0.0357372 0.275256 -0.06197323 
  0.07588182 -0.2079505 -0.07614088 0.0002910282 -0.2564799 0.04114493 0.06102124 0.08951571 -0.1026283 0.2150751 -0.04507009 0.02026986 0.0357 -0.2383926 0.6328908 0.5287507 -0.4221617 -0.8509633 0.08632904 0.4352808 0.1381505 -0.07458955 -0.2319286 -0.07955462 0.1944066 -0.3254244 0.2948193 -1.544367 -0.8950884 -0.6614838 -1.154265 0.9372049 -0.5307094 0.6194417 -0.8578933 1.803605 -1.157187 -0.361811 0.5074636 -0.4473071 
  0.01388377 -0.02526562 -0.2672853 -0.02286142 -0.1993853 -0.0089472 -0.001141621 0.07986095 0.0429136 0.02636244 -0.1277399 0.02518818 0.01271019 -0.1785647 0.7808197 -0.2999189 0.791544 -0.4598151 0.4863158 -0.138996 0.1928195 0.2654918 -0.3919499 0.06085148 -0.3305789 -0.4008625 0.1300814 -0.5621135 -2.611166 -0.986924 -0.609734 -0.7589087 1.101582 -0.1349675 0.5163024 0.2569518 -0.1893073 0.2465668 -0.6041844 -0.8580425 
  0.05232252 -0.05873296 -0.1841738 -0.09179036 0.4211822 -0.2281717 0.4154912 -0.2016918 0.1614002 0.2854418 0.01952222 0.09748748 0.07521827 0.07562254 -0.01851188 0.3542635 0.07468912 0.02478429 0.1095405 0.3887842 0.006956912 0.4136689 -0.2959161 -0.1444084 -0.4096908 0.1413157 0.5703583 -0.9310966 -2.404228 -1.518943 3.057254 -1.638218 1.646923 -1.001882 1.600804 0.5549905 1.49914 0.8032942 0.16723 -0.3646058 
  0.3380991 -0.4943569 0.5145767 -0.2956449 0.0200374 0.1154035 0.1780339 -0.3034029 -0.01135498 -0.03896505 0.12262 -0.159841 -0.01710085 0.2507098 -0.9232979 0.2290917 -0.05621381 0.3685777 0.1062954 -0.6236506 0.2850917 -0.2843393 0.1494204 -0.1345082 0.2394452 0.6064099 1.047246 -2.971221 4.97013 -2.045257 1.061452 -0.2975425 1.016444 -1.015391 -0.3289324 -0.5080066 0.7708707 -0.3864836 0.2215056 0.325614 
  -0.0687809 0.3397416 -0.2649169 -0.1233775 -0.06079455 0.1120518 0.0008046337 -0.04117353 0.2182454 -0.1058244 -0.1517945 0.1918641 0.1019772 -0.01461004 0.09275911 0.4872963 0.02154306 0.300537 -0.7405537 0.2074331 -0.101653 0.4078872 -0.5981264 0.3255041 -0.1916207 0.2234645 -1.172054 2.886883 -0.4613277 0.3123765 -2.666368 1.465701 -0.003525598 -0.008341437 1.03341 -0.3315433 -1.252772 0.5110131 -0.1545849 1.020056 
  -0.2524515 0.469073 0.1571711 -0.2563543 -0.073194 -0.1737546 0.1059522 0.05386181 0.08385634 -0.08350724 -0.1375296 0.187406 -0.1586301 0.8871088 -0.275465 -0.57743 -0.6425662 -0.01336361 -0.3403627 -0.06897771 -0.07998984 0.1485762 -0.06057711 0.08063595 0.03775385 0.5331598 -1.380449 3.222726 1.944181 -5.169882 1.572598 -4.309617 1.314816 0.3662986 0.6560277 -1.388519 0.5834979 1.41167 0.2454798 -0.2005093 
  0.07770514 -0.01641761 -0.03602588 0.09799071 0.04148846 -0.177404 0.2285541 -0.05335582 0.03351862 0.02934208 -0.07792963 0.002508405 -0.103048 -0.469368 0.3948083 -0.5271779 -0.1208262 0.1209492 -0.08051647 0.6705722 -0.1497367 -0.2271336 0.02330636 0.5229308 -0.5260324 0.1650628 0.5380761 -1.475361 0.1953597 1.171246 1.799564 0.7957792 0.6885273 -0.7479028 -0.2488272 1.230093 -1.447138 -0.1270305 1.2532 0.1786724 
  0.07598557 -0.1391682 -0.0003630398 -0.01834745 0.05094534 0.03068206 0.008154806 -0.2508111 -0.01127774 0.03876712 -0.04671762 0.1541583 -0.1835133 0.05924128 0.3432615 -0.5509547 -0.04148356 0.02466521 -0.1719101 0.4875407 0.1537021 -0.1235414 -0.048864 0.171311 0.1341313 -0.07206782 0.7493243 -2.172129 0.8943789 -0.4250512 0.08667792 -0.7904677 0.04896751 -1.002834 -0.3913401 0.319537 0.3509833 0.03786189 -1.912842 -0.3054062 
  -0.06878844 0.1299942 0.1172308 -0.04767531 -0.1185309 0.1927835 -0.06829063 -0.06336953 0.01909898 -0.07295272 0.01375694 0.06812203 -0.02043141 0.2411028 -0.562638 -0.05403568 -0.4931362 0.1542052 -0.1122261 -0.3812518 -0.1172084 0.6063895 -0.005202743 0.2036193 -0.1036912 -0.6591846 -0.7438968 -0.008334657 1.998368 -0.9724455 1.02957 0.3014654 -0.6648986 -0.7639708 -0.202436 -0.6727937 -0.05616053 0.5013447 -0.06778879 -0.4783581 
  0.001686222 -0.0149387 0.00904112 0.002047519 -0.0009494088 -0.004258276 0.00331738 0.002517109 0.002881722 -0.001015926 -0.005084476 0.005912686 -0.006839299 -0.1366632 0.1283171 -0.01292196 0.00132639 0.01174148 -0.00266974 0.01018659 -0.01923769 0.01257889 0.007018889 0.011867 -0.005700823 0.009567311 0.8507774 -0.09954213 0.08966716 0.08744575 -0.01754641 -0.002982578 -0.04552006 0.06421056 0.02920083 -0.03917068 -0.08043624 0.115199 -0.05519787 -0.06767808 
  0.006734013 -0.02659563 -0.04307788 0.02351288 -0.002475699 0.008912101 -0.007939602 0.01825556 -0.002106551 0.005764885 0.0007324909 -0.01168061 -0.005679628 0.04442643 -0.3434282 0.05648207 -0.02828134 -0.04507767 0.05304663 -0.09809168 0.000142781 0.004714093 -0.08073021 0.009453258 0.03328589 0.02707133 0.4761341 -0.5455838 -0.3475417 -0.06456975 0.2143902 -0.1173567 0.1103029 0.1423045 -0.07078034 0.05451989 -0.0184079 -0.1338379 0.00182442 -0.02063607 
  0.007434068 -0.05317715 0.06098098 0.03791364 -0.01097683 -0.02712116 -0.03396958 -0.01055031 0.01656719 0.02445325 -0.008784363 -0.01844844 0.05868942 -0.05836064 -0.05082009 -0.1428811 0.1051667 -0.09216464 -0.01338879 -0.001317498 0.03313788 0.08807836 0.01167493 0.1386581 0.05336981 -0.01361507 0.0753504 -0.6307362 0.4294936 0.356255 -0.06525333 0.08320881 -0.294003 -0.3172703 0.2530674 0.1832709 0.09440551 -0.06106532 0.52055 -0.02756251 
  -0.05340989 0.1069445 -0.02247126 -0.007555754 -0.0208224 0.0446699 -0.04252711 -0.02727935 0.02091121 -0.02645556 -0.0329617 0.02641469 0.045563 0.01239888 0.0553207 0.01880111 -0.138834 -0.1006497 -0.07110856 0.03332303 0.1139791 -0.191106 -0.01002848 -0.1735833 0.05968147 -0.1888051 -0.4140582 0.2273321 -0.2314246 0.4684615 0.05504872 0.04830651 -0.1789748 -0.112286 0.2322128 -0.2180123 -0.00401287 0.187633 0.3143877 0.01892418 
  0.01690627 -7.216939e-05 0.01634711 -0.01869726 0.03207545 -0.09623765 0.03395717 0.007165784 0.01445007 -0.1204666 0.07082995 -0.06903598 -0.05353308 0.01270996 0.1484447 0.2777405 0.1118698 -0.1552412 0.003524292 -0.02801006 -0.09565526 0.1905184 -0.3233291 0.08854917 -0.07601509 -0.07806227 -0.290491 0.6984255 -0.9818512 0.3619437 0.2857144 -0.9805144 0.116447 0.03244999 0.5351331 -0.9186063 0.2725254 -0.06694192 -0.5580791 0.01132293 
  -0.004059144 0.08200045 -0.06018994 0.08467714 -0.04898041 0.05960421 0.03169818 0.02741463 -0.02087202 0.06460293 -0.02425364 -0.02020649 0.1284651 -0.2227629 0.5382069 -0.272085 -0.2014441 0.07470305 -0.12096 0.1875274 0.05285644 -0.04569778 -0.1031768 -0.01566715 -0.1126854 0.1490853 -0.2792009 1.229421 -1.215238 0.9047579 -0.1037402 -0.1018828 0.5216647 0.2041194 0.2261046 0.385771 -0.7304075 -0.264101 0.5814744 0.1205227 
  -0.02854202 0.1609589 -0.1147309 0.02006613 -0.02820606 0.008653007 0.00760602 -0.08342816 0.1113046 -0.01222154 -0.01164867 0.06779328 0.008763635 -0.1105222 0.2555589 0.1771672 -0.2317678 -0.01267896 0.2570784 -0.00638533 -0.2618634 0.007833473 0.1720754 -0.06340771 0.1865563 0.1865177 -0.1470356 0.8137082 -1.500052 1.29508 0.1368869 0.0215407 0.1414568 -0.2735365 0.3638645 0.3630698 -0.7149577 0.6230491 0.1970039 -0.210068 
  0.1194392 -0.1638837 -0.0264383 0.04849704 0.001539431 -0.05726732 0.06338133 -0.03877832 0.00710965 -0.03866456 0.0467853 -0.008626838 -0.01298707 -0.2318323 0.3750943 -0.338104 0.08106766 -0.3391618 0.006268391 -0.08325102 0.07077236 0.05528666 -0.1040856 -0.01539317 -0.04505701 -0.09242732 0.1651656 -0.9227638 -0.2057928 0.3030161 -0.181155 0.31441 0.2880485 0.1535944 -0.0930003 0.1544717 0.2671175 -0.3910887 -0.07463811 -0.06594107 
  0.03042313 -0.01801572 0.05125336 -0.01283133 -0.03007879 0.06497221 0.02035628 -0.004716319 0.04774464 -0.0331089 0.03612134 0.004198238 -0.01183771 0.043027 0.05005294 -0.1277118 -0.08650304 0.0936214 0.003888634 0.1154274 0.05174743 -0.04473498 -0.1985366 0.2456324 0.005895587 -0.195243 -0.4880396 0.639562 0.02945172 -0.7412886 -0.1988896 0.4437729 0.3665521 0.6239942 0.3762191 -0.1906417 0.4709343 -0.08413097 -0.4422299 -0.07046406 
  0.01789324 -0.09712215 -0.06579544 -0.06493635 0.168871 -0.08960077 0.03560885 -0.05567622 0.06116395 0.0519476 -0.01635841 0.03350703 0.001961822 -0.0660136 0.2339109 -0.3571771 0.2170549 0.06765338 -0.2477316 -0.01719942 -0.05564444 0.005382712 -0.2641621 0.02690416 0.01168505 -0.239536 -0.09194475 0.0242882 -1.153754 -1.430494 1.140292 -1.546474 0.452586 0.04806884 0.2821759 0.5366923 -0.2163054 0.3119718 0.5736678 0.2251244 
  -0.02439227 0.006759554 0.04115529 0.004111801 0.08009269 0.01757663 -0.002290564 -0.03166142 0.1289284 -0.01686997 0.03471418 -0.007465761 -0.07034215 -0.03894792 -0.02775421 -0.04866816 -0.1234932 0.06674999 0.04291686 -0.001112891 0.09772635 -0.1170356 0.2473695 -0.1062318 0.0500908 0.2378949 0.04903751 -0.3522028 1.074198 0.1590701 0.5341447 -0.06184766 -0.4782788 -0.8969816 1.421263 -0.2165539 0.09874462 0.08426943 -0.2460147 -0.1171268 
  0.05134602 -0.03963135 -0.01087246 -0.002649279 -0.08300654 0.01090848 -0.006702344 -0.08495048 0.04419576 -0.04874274 0.05969936 -0.01220706 -0.01196247 0.06579392 -0.01207853 -0.1983569 -0.258622 0.1479629 -0.08129504 0.05539775 0.1277723 -0.03951411 0.1317157 0.002668154 -0.02713701 0.1036612 0.3272219 -0.3230964 0.03223294 -0.3632395 -0.225627 -0.2035239 -0.2588892 -0.5677426 -0.006671384 0.01835966 0.1195559 0.6744825 0.2435365 -0.1814387 
  0.04134957 -0.02914316 0.03301556 0.02256082 0.03576384 -0.03414811 0.04650284 -0.0943471 0.01225894 -0.01436949 -0.06491501 -0.003628161 -0.08770474 -0.04922774 -0.09583702 0.2687574 0.05021309 0.02080748 0.1387172 -0.08810628 0.1635619 -0.005683977 0.03868264 0.01095992 0.134155 -0.06515615 -0.06353469 0.6520311 -0.2087138 0.3803783 -0.1915905 -0.2720466 0.3484456 -0.4643608 0.07093234 -0.5861998 -0.5851516 0.1017442 0.01494426 -0.0316461 ]
